1	26.0249939
2	26.20999146
3	26.19198608
4	26.40499878
5	26.43701172
6	26.77099609
7	26.50799561
8	26.90200806
9	26.29199219
10	25.51998901
11	25.30700684
12	26.77099609
13	26.88598633
14	26.84298706
15	26.64801025
16	25.61300659
17	25.04800415
18	25.35198975
19	25.1210022
20	25.68399048
21	25.71798706
22	25.45199585
23	26.15600586
24	25.57000732
25	25.04199219
26	24.84899902
27	25.2130127
28	26.16500854
29	26.46899414
30	26.23699951
31	26.11199951
32	26.35800171
33	26.53601074
34	26.30999756
35	25.5289917
36	25.32501221
37	24.18200684
38	24.08700562
39	25.71398926
40	25.77301025
41	25.57901001
42	25.57699585
43	25.38400269
44	25.73400879
45	25.9670105
46	26.31201172
47	26.11199951
48	26.34899902
49	26.06600952
50	26.10101318
51	26.75299072
52	26.70901489
53	26.37298584
54	26.05899048
55	26.51098633
56	26.87399292
57	25.64401245
58	25.40899658
59	25.54800415
60	25.62701416
61	25.6619873
62	25.27099609
63	25.36999512
64	26.70800781
65	26.80599976
66	27.39099121
67	27.45901489
68	27.45300293
69	27.48599243
70	27.53900146
71	27.39898682
72	27.1960144
73	26.45498657
74	26.70999146
75	27.06900024
76	27.33200073
77	25.96398926
78	25.88400269
79	26.26501465
80	26.43301392
81	26.99700928
82	27.29598999
83	27.40301514
84	27.60400391
85	27.67599487
86	27.53100586
87	27.29400635
88	26.57699585
89	26.35800171
90	26.60198975
91	27.70800781
92	27.3789978
93	26.35198975
94	26.00201416
95	26.38299561
96	26.9750061
97	26.66598511
98	26.67700195
99	26.63800049
100	26.95800781
101	27.47698975
102	27.7130127
103	27.99200439
104	27.93798828
105	27.87799072
106	27.39099121
107	26.25500488
108	27.13800049
109	27.37600708
110	27.60699463
111	27.77301025
112	26.7789917
113	26.97399902
114	26.75299072
115	25.55801392
116	27.94900513
117	28.14898682
118	28.45401001
119	28.89599609
120	28.28900146
121	28.01901245
122	28.2460022
123	28.18899536
124	28.3210144
125	28.03500366
126	27.85400391
127	27.99398804
128	28.51000977
129	28.30099487
130	28.47201538
131	29.25900269
132	29.30801392
133	29.50500488
134	29.49398804
135	29.38400269
136	29.39300537
137	30.11499023
138	30.31201172
139	30.56100464
140	30.56600952
141	30.47000122
142	30.22900391
143	30.49700928
144	30.55099487
145	31.04199219
146	31.09799194
147	30.51300049
148	30.55200195
149	30.42800903
150	30.35299683
151	30.24099731
152	30.13198853
153	30.08700562
154	30.23699951
155	30.32800293
156	30.57299805
157	30.8380127
158	30.44198608
159	30.51000977
160	30.43600464
161	30.51199341
162	30.5039978
163	30.48001099
164	30.49700928
165	30.52398682
166	30.43798828
167	30.52999878
168	30.55200195
169	30.54998779
170	30.45498657
171	30.43099976
172	30.49099731
173	30.61599731
174	29.91699219
175	30.04501343
176	30.48001099
177	30.42999268
178	29.62298584
179	29.27999878
180	29.26800537
181	29.05300903
182	29.98800659
183	29.78100586
184	29.84799194
185	30.04800415
186	30.11599731
187	30.10501099
188	30.17498779
189	30.17700195
190	30.16799927
191	30.43200684
192	30.30099487
193	30.20700073
194	30.23098755
195	29.80099487
196	29.89599609
197	30.01098633
198	29.98599243
199	29.58099365
200	30.00299072
201	29.98599243
202	30.40200806
203	30.36599731
204	30.4960022
205	30.66299438
206	30.6289978
207	29.99398804
208	30.43899536
209	30.51300049
210	30.54598999
211	29.96200562
212	29.7869873
213	29.81698608
214	30.0329895
215	30.05499268
216	30.63198853
217	29.90701294
218	29.9750061
219	29.91101074
220	29.73800659
221	29.65200806
222	30.58700562
223	30.23699951
224	30.37399292
225	30.36599731
226	30.33300781
227	30.48999023
228	30.56600952
229	29.75299072
230	29.67001343
231	29.82199097
232	29.3999939
233	29.18701172
234	29.08099365
235	29.07400513
236	29.91101074
237	29.97799683
238	30.0369873
239	29.75500488
240	29.28201294
241	29.1619873
242	29.38900757
243	30.40499878
244	30.3210144
245	29.94198608
246	29.7170105
247	29.72900391
248	29.5539856
249	29.45700073
250	29.83300781
251	29.95901489
252	29.56500244
253	29.49798584
254	29.45901489
255	29.37799072
256	29.5710144
257	29.61898804
258	29.69400024
259	30.21099854
260	30.41299438
261	30.47000122
262	30.44500732
263	29.96600342
264	29.6789856
265	29.6210022
266	29.47900391
267	29.38598633
268	29.21200562
269	29.51800537
270	29.71899414
271	29.64001465
272	29.56799316
273	29.64401245
274	29.5880127
275	29.45999146
276	29.60900879
277	29.68899536
278	28.54000854
279	28.48800659
280	28.50601196
281	28.47299194
282	28.50900269
283	28.69299316
284	28.7460022
285	28.62600708
286	28.1289978
287	28.35598755
288	28.45300293
289	28.00900269
290	28.01400757
291	28.30499268
292	28.21600342
293	28.22399902
294	28.41299438
295	28.54199219
296	27.94198608
297	27.95401001
298	28.18600464
299	28.36700439
300	28.44198608
301	28.76998901
302	26.41900635
303	25.46398926
304	24.99899292
305	25.14801025
306	25.44000244
307	25.39099121
308	25.25
309	25.74798584
310	26.64401245
311	26.70300293
312	26.35101318
313	25.65899658
314	25.81100464
315	25.9289856
316	26.11300659
317	26.26501465
318	26.2210083
319	26.19699097
320	26.70401001
321	26.95401001
322	27.35900879
323	25.65100098
324	25.45199585
325	24.71600342
326	25.37600708
327	25.08099365
328	24.91000366
329	25.1289978
330	26.5
331	28.0539856
332	28.01800537
333	28.08200073
334	28.10998535
335	27.93301392
336	27.54998779
337	27.68301392
338	27.81298828
339	28.20199585
340	28.11801147
341	27.66299438
342	27.02700806
343	24.61300659
344	24.78500366
345	25.30801392
346	25.27301025
347	25.68200684
348	26.07299805
349	26.02801514
350	27.6579895
351	27.12200928
352	27.36801147
353	25.1960144
354	24.88101196
355	24.18499756
356	24.07998657
357	24.13400269
358	24.6000061
359	24.78601074
360	25.20800781
361	25.30499268
362	25.80200195
363	27.01400757
364	27.08499146
365	28.55099487
366	28.82800293
367	28.67599487
368	28.84500122
369	28.86300659
370	27.42199707
371	27.32299805
372	25.91400146
373	25.65701294
374	24.95401001
375	24.49398804
376	24.47198486
377	24.25900269
378	24.2170105
379	24.06100464
380	23.70300293
381	24.91101074
382	25.29098511
383	25.23300171
384	25.06201172
385	23.88800049
386	23.88500977
387	23.76098633
388	23.82299805
389	24.39498901
390	24.0369873
391	23.77700806
392	24.125
393	23.92700195
394	24.26400757
395	27.00900269
396	27.3380127
397	27.11300659
398	27.23001099
399	27.45300293
400	26.67401123
401	25.94400024
402	25.96899414
403	26.00299072
404	25.30700684
405	23.19400024
406	22.97799683
407	23.60598755
408	23.86499023
409	23.92599487
410	24.35900879
411	25.51098633
412	26.22299194
413	26.4079895
414	26.64001465
415	24.80099487
416	24.65301514
417	25.25500488
418	27.71099854
419	27.9079895
420	27.46600342
421	26.04699707
422	26.0920105
423	26.17599487
424	26.38800049
425	26.67098999
426	26.67700195
427	26.73999023
428	26.76300049
429	25.9119873
430	25.91699219
431	26.20999146
432	26.29199219
433	26.35400391
434	27.41400146
435	27.20401001
436	27.4039917
437	27.7539978
438	27.6210022
439	27.29299927
440	26.75
441	26.2130127
442	26.78601074
443	27.64801025
444	28.00601196
445	28.24301147
446	28.12298584
447	28.20700073
448	28.2170105
449	27.53500366
450	26.82299805
451	26.78399658
452	26.18099976
453	26.32000732
454	28.23498535
455	28.40600586
456	28
457	27.88400269
458	28.0880127
459	27.98300171
460	26.64700317
461	26.4960022
462	26.49499512
463	27.70599365
464	27.51000977
465	26.12600708
466	25.90100098
467	25.85800171
468	25.48098755
469	25.03100586
470	25.2829895
471	25.56298828
472	25.59100342
473	27.66101074
474	28.36300659
475	28.69100952
476	29.12799072
477	29.15301514
478	28.88800049
479	28.14599609
480	26.84399414
481	27.66000366
482	27.875
483	28.07998657
484	29.14001465
485	29.03500366
486	28.87200928
487	28.3380127
488	27.47900391
489	27.09899902
490	27.35800171
491	28.1789856
492	28.22698975
493	28.72201538
494	29.58700562
495	29.50601196
496	29.46099854
497	29.49798584
498	30.14001465
499	28.80801392
500	28.61801147
501	28.33700562
502	28.42999268
503	28.57299805
504	28.60501099
505	28.5960083
506	28.60198975
507	28.32598877
508	27.89300537
509	27.66101074
510	27.9670105
511	29.79998779
512	30.27999878
513	30.36499023
514	30.34899902
515	30.30700684
516	29.90899658
517	29.59899902
518	29.01300049
519	29.02999878
520	29.15499878
521	29.25100708
522	29.57800293
523	29.22201538
524	29.3500061
525	29.66699219
526	29.77200317
527	29.78500366
528	29.44400024
529	28.98800659
530	29.13900757
531	29.41000366
532	30.89199829
533	31.00100708
534	30.51800537
535	30.00900269
536	30.23098755
537	30.33099365
538	30.23300171
539	30.07998657
540	29.82800293
541	29.52301025
542	29.33099365
543	29.73498535
544	30.03399658
545	29.67001343
546	29.48300171
547	29.2460022
548	29.14801025
549	28.85501099
550	29.28201294
551	29.46200562
552	29.57000732
553	29.63699341
554	29.77200317
555	29.78100586
556	29.68301392
557	29.64599609
558	29.52600098
559	29.70401001
560	29.66500854
561	29.75601196
562	29.82901001
563	30.0369873
564	30.20599365
565	29.85699463
566	29.54299927
567	29.93798828
568	29.6210022
569	28.8789978
570	30.36199951
571	30.55999756
572	30.49200439
573	30.3999939
574	30.35101318
575	30.07400513
576	29.02398682
577	29.02398682
578	29.11199951
579	29.52700806
580	29.46499634
581	29.97799683
582	29.98199463
583	29.99499512
584	29.99700928
585	29.90899658
586	30.02099609
587	29.89300537
588	29.39300537
589	29.4289856
590	29.89199829
591	30.50299072
592	30.52600098
593	30.42300415
594	30.3039856
595	30.17999268
596	30.0249939
597	29.56799316
598	30.11599731
599	30.72698975
600	30.86099243
601	30.84500122
602	30.72698975
603	30.52600098
604	29.87399292
605	30.18600464
606	30.19799805
607	30.17001343
608	30.18701172
609	29.92300415
610	29.91000366
611	30.09399414
612	29.82400513
613	29.82901001
614	29.63699341
615	29.6539917
616	29.56900024
617	29.60299683
618	29.73098755
619	29.25500488
620	29.34100342
621	31.20700073
622	30.70498657
623	30.67300415
624	30.72900391
625	30.7210083
626	31.00601196
627	29.45999146
628	28.2130127
629	28.50900269
630	28.56500244
631	28.92401123
632	29.56799316
633	29.52200317
634	29.20199585
635	29.14099121
636	29.21398926
637	29.26800537
638	29.03900146
639	28.82699585
640	28.84799194
641	29.20800781
642	29.49899292
643	30.01098633
644	30.08300781
645	30.10101318
646	30.14898682
647	29.2829895
648	29.16598511
649	29.18301392
650	29.17700195
651	29.02600098
652	29.23400879
653	29.38101196
654	29.1579895
655	29.17498779
656	29.28399658
657	29.53799438
658	29.65499878
659	29.42498779
660	29.58300781
661	29.99700928
662	30.06100464
663	30.12399292
664	29.63198853
665	28.86999512
666	28.7250061
667	28.93301392
668	28.98001099
669	28.4079895
670	28.28100586
671	27.72698975
672	27.22201538
673	27.45700073
674	27.42098999
675	26.48699951
676	27.10198975
677	27.81201172
678	28.73901367
679	28.79098511
680	28.91101074
681	29.28900146
682	29.4119873
683	29.48699951
684	29.43200684
685	29.37399292
686	29.61499023
687	26.74301147
688	25.90301514
689	25.78100586
690	25.55599976
691	24.83200073
692	24.80999756
693	24.8039856
694	24.74700928
695	24.88900757
696	24.86599731
697	25.1619873
698	26.32400513
699	27.53900146
700	28.29699707
701	27.32199097
702	27.17001343
703	27.11499023
704	26.63299561
705	25.42599487
706	25.13299561
707	25.18798828
708	25.5
709	25.96099854
710	25.66598511
711	25.62600708
712	25.63699341
713	25.56399536
714	25.79699707
715	25.96398926
716	26.1960144
717	26.41799927
718	26.60598755
719	27.32299805
720	28.44699097
721	29.02301025
722	29.19100952
723	29.25299072
724	29
725	28.36300659
726	26.7869873
727	26.17300415
728	26.77999878
729	27.14498901
730	27.25698853
731	26.81201172
732	25.76599121
733	25.3039856
734	25.28399658
735	26.67199707
736	27.09799194
737	27.75698853
738	27.31698608
739	26.59399414
740	26.5039978
741	25.40600586
742	24.83300781
743	25.73599243
744	25.83200073
745	26.58200073
746	26.6619873
747	26.38000488
748	26.30599976
749	26.00201416
750	26.10198975
751	27.11300659
752	27.17498779
753	27.375
754	27.17498779
755	27.22900391
756	27.14099121
757	26.5539856
758	26.05099487
759	26.125
760	26.40600586
761	26.44699097
762	26.42800903
763	27.33099365
764	27.43301392
765	27.48400879
766	27.51998901
767	27.3999939
768	26.65600586
769	26.56698608
770	26.63000488
771	26.61700439
772	26.32998657
773	26.22399902
774	26.19799805
775	26.55899048
776	26.7539978
777	26.86401367
778	26.82901001
779	26.69400024
780	25.9289856
781	25.87799072
782	25.9710083
783	26.69799805
784	26.6539917
785	26.66400146
786	26.80499268
787	26.71200562
788	26.6289978
789	26.5710144
790	26.69799805
791	26.74700928
792	26.61499023
793	26.35101318
794	26.33200073
795	26.75500488
796	26.99700928
797	27.06399536
798	27.36999512
799	27.04000854
800	25.95001221
801	25.21899414
802	26.38800049
803	26.79699707
804	27.24499512
805	27.33401489
806	27.3789978
807	27.40200806
808	27.05801392
809	25.84899902
810	25.58898926
811	25.39801025
812	25.54501343
813	26.23400879
814	26.69699097
815	26.83099365
816	27.66400146
817	28.07299805
818	28.40701294
819	28.23498535
820	28.03601074
821	28.0289917
822	28.2210083
823	28.31201172
824	28.09899902
825	28.01501465
826	28.42498779
827	28.29998779
828	28.39599609
829	28.57199097
830	28.22799683
831	27.77999878
832	27.64099121
833	27.61801147
834	29.2789917
835	29.44900513
836	29.59500122
837	28.66799927
838	27.20498657
839	26.61700439
840	26.38101196
841	26.17001343
842	26.13299561
843	26.25500488
844	26.58099365
845	26.64498901
846	27.00500488
847	28.17401123
848	28.61199951
849	28.97799683
850	28.99700928
851	28.77301025
852	28.74398804
853	29.11898804
854	29.55801392
855	29.59701538
856	29.48699951
857	29.45700073
858	29.11599731
859	28.41699219
860	28.76501465
861	28.86499023
862	28.88101196
863	28.79098511
864	28.91699219
865	29.52801514
866	29.55499268
867	27.81600952
868	27.37600708
869	27.13198853
870	26.81900024
871	27.06799316
872	27.11300659
873	27.18899536
874	27.26800537
875	29.12799072
876	29.55099487
877	29.08700562
878	28.20700073
879	28.54098511
880	28.53399658
881	28.72201538
882	28.87399292
883	28.70098877
884	28.55099487
885	28.50601196
886	28.42300415
887	28.53601074
888	29.5329895
889	28.89001465
890	28.19900513
891	28.93200684
892	28.94299316
893	28.70098877
894	29.26901245
895	29.71398926
896	29.68798828
897	29.73001099
898	29.77801514
899	29.31100464
900	29.33700562
901	29.32199097
902	29.25201416
903	29.22299194
904	29.20199585
905	29.39001465
906	29.75100708
907	29.62701416
908	29.58700562
909	29.63000488
910	29.63400269
911	29.53100586
912	29.87200928
913	30.39498901
914	30.8789978
915	31.3710022
916	31.26098633
917	31.1289978
918	30.94900513
919	30.51699829
920	29.90200806
921	29.80801392
922	29.98300171
923	30.25
924	30.18399048
925	30.27801514
926	30.22799683
927	29.0329895
928	28.95999146
929	28.93099976
930	28.77700806
931	28.69299316
932	29.01300049
933	29.68099976
934	29.82800293
935	29.97900391
936	29.83599854
937	29.95599365
938	29.95700073
939	29.82800293
940	29.32000732
941	29.32501221
942	30.08499146
943	30.04901123
944	30.13598633
945	30.25799561
946	30.31698608
947	30.79199219
948	30.2749939
949	29.43701172
950	29.45700073
951	29.37200928
952	29.26998901
953	29.3380127
954	29.02099609
955	29.09799194
956	29.38500977
957	29.45999146
958	29.13000488
959	29.64700317
960	29.98498535
961	30.26400757
962	29.95300293
963	30.11099243
964	30.28399658
965	29.60699463
966	29.61300659
967	29.8460083
968	29.98699951
969	30.43200684
970	30.34899902
971	30.11599731
972	29.48800659
973	29.29098511
974	29.29800415
975	29.38198853
976	29.79901123
977	29.74499512
978	29.82699585
979	29.88000488
980	29.90600586
981	29.22799683
982	29.64300537
983	29.55300903
984	29.48001099
985	29.53100586
986	29.34500122
987	29.14599609
988	29.23901367
989	29.38400269
990	29.39001465
991	29.32199097
992	29.20300293
993	29.37298584
994	29.41598511
995	29.16000366
996	29.0289917
997	29.27801514
998	29.30099487
999	29.29098511
1000	29.27700806
1001	29.37600708
1002	29.48001099
1003	29.25799561
1004	29.14498901
1005	29.12399292
1006	29.09701538
1007	28.94900513
1008	29.09899902
1009	29.68701172
1010	29.99700928
1011	30.06201172
1012	30.15301514
1013	29.48901367
1014	29.39300537
1015	29.48901367
1016	29.43499756
1017	29.55200195
1018	29.63598633
1019	29.46899414
1020	29.38101196
1021	29.33200073
1022	28.48901367
1023	28.27200317
1024	28.42999268
1025	28.48599243
1026	28.25698853
1027	26.20901489
1028	27.52600098
1029	28.22000122
1030	28.28799438
1031	26.64300537
1032	24.93899536
1033	23.29400635
1034	23.02999878
1035	23.51501465
1036	25.46798706
1037	25.4289856
1038	24.99099731
1039	25.49899292
1040	27.4710083
1041	25.3420105
1042	24.25201416
1043	23.73098755
1044	24.17700195
1045	24.40200806
1046	24.78900146
1047	24.53799438
1048	24.58200073
1049	24.82501221
1050	23.78201294
1051	23.2869873
1052	23.16400146
1053	23.14401245
1054	23.29299927
1055	24.30899048
1056	24.40701294
1057	24.49700928
1058	24.55599976
1059	26.34100342
1060	27.70700073
1061	27.49798584
1062	25.21499634
1063	23.00698853
1064	23.02600098
1065	23.47399902
1066	24.86300659
1067	25.17401123
1068	25.91101074
1069	27.88101196
1070	28.0710144
1071	28.17700195
1072	28.52099609
1073	28.67800903
1074	27.99899292
1075	27.20599365
1076	27.12701416
1077	26.91400146
1078	26.86801147
1079	27.83401489
1080	27.85101318
1081	27.66101074
1082	25.0249939
1083	25.03201294
1084	25.97900391
1085	26.04098511
1086	26.66299438
1087	27.14401245
1088	27.22799683
1089	27.79000854
1090	27.43301392
1091	27.16799927
1092	26.78100586
1093	26.39300537
1094	26.06698608
1095	25.55999756
1096	25.47799683
1097	26.1499939
1098	26.95599365
1099	26.64498901
1100	26.46099854
1101	26.93200684
1102	26.80300903
1103	26.64099121
1104	26.8789978
1105	26.92599487
1106	26.98999023
1107	27.5369873
1108	27.63400269
1109	26.39700317
1110	26.26098633
1111	26.92001343
1112	27.88800049
1113	27.81900024
1114	27.85998535
1115	27.60998535
1116	27.5329895
1117	24.50900269
1118	23.86499023
1119	23.70999146
1120	23.61300659
1121	23.6210022
1122	23.96099854
1123	24.49798584
1124	24.71099854
1125	25.21398926
1126	26.49899292
1127	27.40600586
1128	26.60598755
1129	26.31500244
1130	26.7130127
1131	27.06100464
1132	27.17401123
1133	26.91299438
1134	26.79299927
1135	26.86300659
1136	27.19299316
1137	26.90701294
1138	27.01400757
1139	26.95901489
1140	26.94000244
1141	26.93499756
1142	26.87200928
1143	26.80899048
1144	26.40499878
1145	27.03100586
1146	27.23199463
1147	27.14300537
1148	27.23699951
1149	27.63299561
1150	27.76300049
1151	27.92800903
1152	27.69400024
1153	27.11300659
1154	26.95800781
1155	25.62600708
1156	25.83499146
1157	27.0369873
1158	27.29998779
1159	26.6960144
1160	25.65100098
1161	26.63101196
1162	27.30999756
1163	27.19198608
1164	27.06600952
1165	24.33898926
1166	24.38598633
1167	25.11700439
1168	25.38900757
1169	26.22198486
1170	27.21200562
1171	27.83999634
1172	27.84399414
1173	28.10400391
1174	27.83200073
1175	27.65701294
1176	27.45300293
1177	27.22698975
1178	26.02099609
1179	25.53601074
1180	25.1289978
1181	25.30700684
1182	25.58200073
1183	25.77099609
1184	26.81900024
1185	27.94000244
1186	28.51098633
1187	28.98800659
1188	28.99700928
1189	28.36599731
1190	28.08700562
1191	27.87600708
1192	28.17401123
1193	28.76098633
1194	28.12399292
1195	28.40100098
1196	28.70901489
1197	28.48498535
1198	28.51098633
1199	28.77301025
1200	27.43600464
1201	26.7789917
1202	27.0710144
1203	26.82998657
1204	25.95599365
1205	27.4750061
1206	28.40701294
1207	28.29000854
1208	28.18600464
1209	28.40701294
1210	28.39898682
1211	28.26699829
1212	28.33898926
1213	28.96600342
1214	29.33599854
1215	28.89300537
1216	27.07000732
1217	26.79699707
1218	27.2539978
1219	28.22201538
1220	28.15301514
1221	29.20498657
1222	29.21899414
1223	28.99099731
1224	29.21099854
1225	29.71200562
1226	30.09298706
1227	29.92199707
1228	29.59100342
1229	29.26199341
1230	29.04299927
1231	29.3500061
1232	29.68899536
1233	29.90499878
1234	30.05099487
1235	30.33401489
1236	30.42498779
1237	29.86999512
1238	29.53500366
1239	29.35800171
1240	29.13000488
1241	29.11700439
1242	30.10198975
1243	30.66699219
1244	30.73699951
1245	30.62701416
1246	30.48001099
1247	30.16500854
1248	27.69000244
1249	27.64599609
1250	27.96200562
1251	28.35101318
1252	28.5289917
1253	28.48800659
1254	27.83999634
1255	27.53201294
1256	27.67498779
1257	27.5880127
1258	28.51000977
1259	28.86300659
1260	28.98699951
1261	29.22698975
1262	29.16101074
1263	29.36999512
1264	29.60198975
1265	29.72201538
1266	29.64199829
1267	29.67498779
1268	29.73599243
1269	29.58499146
1270	29.34899902
1271	29.37399292
1272	29.31900024
1273	28.44900513
1274	28.31600952
1275	28.41598511
1276	28.38400269
1277	28.99798584
1278	29.00601196
1279	29.04800415
1280	28.63800049
1281	28.79299927
1282	28.20498657
1283	28.00799561
1284	27.59399414
1285	28.22799683
1286	27.75799561
1287	27.92999268
1288	28.10501099
1289	28.25601196
1290	27.98599243
1291	27.9119873
1292	28.48901367
1293	28.70098877
1294	28.84701538
1295	29.47399902
1296	29.33999634
1297	29.14001465
1298	29.14300537
1299	28.83700562
1300	28.79299927
1301	29.53799438
1302	29.7170105
1303	29.125
1304	29.04400635
1305	29.05099487
1306	29.00500488
1307	29.72201538
1308	30.0039978
1309	30.13400269
1310	30.14700317
1311	30.27398682
1312	30.27301025
1313	30.20199585
1314	29.65301514
1315	29.50698853
1316	29.45199585
1317	29.5369873
1318	29.64700317
1319	29.4460144
1320	29.57000732
1321	29.6789856
1322	29.72399902
1323	29.52099609
1324	29.68099976
1325	29.60400391
1326	29.76098633
1327	29.82598877
1328	29.93701172
1329	29.83700562
1330	29.73699951
1331	29.70199585
1332	29.9289856
1333	30.04901123
1334	29.84298706
1335	29.79598999
1336	29.82400513
1337	29.49301147
1338	29.76998901
1339	29.90499878
1340	29.98001099
1341	30.04998779
1342	30.17199707
1343	30.09500122
1344	29.79299927
1345	29.76501465
1346	28.73999023
1347	28.98901367
1348	29.21398926
1349	29.30801392
1350	29.47399902
1351	29.52801514
1352	29.61199951
1353	29.45098877
1354	29.54000854
1355	30.03201294
1356	29.92001343
1357	29.39898682
1358	29.01199341
1359	29.06799316
1360	28.80700684
1361	28.89498901
1362	29.30801392
1363	29.56900024
1364	29.3500061
1365	29.22601318
1366	29.18200684
1367	28.09701538
1368	28.22601318
1369	27.79800415
1370	27.68399048
1371	27.61499023
1372	26.49099731
1373	26.20199585
1374	26.07199097
1375	26.13800049
1376	26.56500244
1377	27.8460083
1378	27.26501465
1379	28.35699463
1380	28.45700073
1381	28.25799561
1382	28.55999756
1383	28.78399658
1384	28.85598755
1385	28.75299072
1386	28.51000977
1387	26.15600586
1388	25.51400757
1389	25.05200195
1390	25.12399292
1391	25.22698975
1392	25.21600342
1393	25.13699341
1394	25.23699951
1395	25.5249939
1396	25.70098877
1397	25.76800537
1398	24.7749939
1399	24.42098999
1400	24.23800659
1401	23.73699951
1402	23.67700195
1403	24.61199951
1404	24.78500366
1405	25.9630127
1406	26.24200439
1407	27.60900879
1408	27.23800659
1409	26.95599365
1410	26.79000854
1411	26.7250061
1412	26.77200317
1413	26.97601318
1414	28.19799805
1415	28.66598511
1416	25.19100952
1417	22.86599731
1418	22.24499512
1419	22.35900879
1420	23.39498901
1421	24.96600342
1422	25.14801025
1423	25.11599731
1424	25.02600098
1425	25.15100098
1426	25.51501465
1427	25.64801025
1428	25.71200562
1429	25.73599243
1430	27.13299561
1431	27.26400757
1432	27.19699097
1433	27.13400269
1434	26.28201294
1435	26.24899292
1436	25.13299561
1437	24.9710083
1438	26.6960144
1439	26.85699463
1440	27.09298706
1441	26.86801147
1442	25.93798828
1443	25.71600342
1444	26.34100342
1445	26.61898804
1446	26.67401123
1447	26.66500854
1448	26.38900757
1449	25.90499878
1450	25.83099365
1451	25.93099976
1452	26.08898926
1453	26.17599487
1454	27.27301025
1455	27.1619873
1456	27.11199951
1457	27.42599487
1458	27.64599609
1459	27.60400391
1460	26.66900635
1461	26.26098633
1462	26.36999512
1463	27.15701294
1464	27.71099854
1465	28.1789856
1466	28.31100464
1467	28.04901123
1468	27.58200073
1469	27.76998901
1470	27.84899902
1471	27.93301392
1472	27.98001099
1473	27.36199951
1474	27.12298584
1475	27.03201294
1476	27.01300049
1477	25.66799927
1478	25.47799683
1479	24.9710083
1480	24.6619873
1481	24.84899902
1482	25.00100708
1483	24.98800659
1484	24.77301025
1485	24.67098999
1486	24.57199097
1487	24.74499512
1488	27.10998535
1489	27.56399536
1490	27.57501221
1491	27.05300903
1492	26.68600464
1493	25.74398804
1494	24.91900635
1495	24.57800293
1496	24.26300049
1497	23.82699585
1498	23.26300049
1499	24.81600952
1500	25.14401245
1501	25.03601074
1502	25.67599487
1503	26.08200073
1504	26.45901489
1505	26.52301025
1506	26.60501099
1507	26.69900513
1508	26.91799927
1509	26.91101074
1510	26.83401489
1511	27.3380127
1512	26.64898682
1513	25.89498901
1514	25.0249939
1515	24.86599731
1516	24.81600952
1517	22.59500122
1518	23.42700195
1519	23.85198975
1520	24.41101074
1521	24.79998779
1522	25.21099854
1523	22.7170105
1524	23.51300049
1525	24.54699707
1526	24.72799683
1527	24.44900513
1528	24.36499023
1529	24.41699219
1530	24.70700073
1531	26.57400513
1532	27.34799194
1533	27.00100708
1534	26.95300293
1535	27.57998657
1536	27.42098999
1537	26.88198853
1538	26.17599487
1539	25.76098633
1540	24.42599487
1541	24.36599731
1542	23.94000244
1543	24.91799927
1544	25.75500488
1545	25.88198853
1546	26.95401001
1547	27.65100098
1548	27.77700806
1549	27.41900635
1550	27.42700195
1551	27.3460083
1552	26.76300049
1553	26.17199707
1554	25.98800659
1555	26.01199341
1556	26.32901001
1557	26.55999756
1558	26.625
1559	26.47299194
1560	25.81600952
1561	25.29098511
1562	25.94100952
1563	27.20001221
1564	27.23098755
1565	27.2170105
1566	26.86199951
1567	26.78799438
1568	26.80200195
1569	27.08099365
1570	27.60699463
1571	27.6289978
1572	27.12200928
1573	25.87200928
1574	24.94500732
1575	25.12200928
1576	25.50500488
1577	25.60400391
1578	25.77700806
1579	26.14001465
1580	26.18301392
1581	26.70098877
1582	28.22799683
1583	28.25299072
1584	28.06600952
1585	28.12799072
1586	28.67700195
1587	28.83700562
1588	29.23300171
1589	29.4039917
1590	29.48400879
1591	29.61300659
1592	29.71899414
1593	29.02801514
1594	29.26998901
1595	29.11999512
1596	29.17700195
1597	29.75
1598	29.64001465
1599	29.13500977
1600	28.71099854
1601	28.47900391
1602	28.48999023
1603	28.38500977
1604	28.35800171
1605	29.58700562
1606	30.00100708
1607	30.00698853
1608	30.25698853
1609	30.72799683
1610	30.95700073
1611	30.86300659
1612	30.79501343
1613	30.5289917
1614	30.39401245
1615	30.63598633
1616	30.81399536
1617	30.99099731
1618	30.75698853
1619	30.59298706
1620	29.8710022
1621	29.51098633
1622	29.78500366
1623	30.00299072
1624	29.79299927
1625	29.85900879
1626	30.35998535
1627	30.83599854
1628	31.02801514
1629	31.13598633
1630	31.13000488
1631	30.24200439
1632	30.35598755
1633	29.22601318
1634	29.04000854
1635	29.13500977
1636	29.2539978
1637	29.26599121
1638	30.06600952
1639	30.20700073
1640	30.04998779
1641	30.05899048
1642	30.01000977
1643	29.79000854
1644	29.25900269
1645	29.79699707
1646	30.35198975
1647	30.41900635
1648	30.19299316
1649	29.85400391
1650	30.17999268
1651	30.07501221
1652	30.16400146
1653	30.00299072
1654	30.21798706
1655	30.15899658
1656	30.14401245
1657	30.0249939
1658	29.95999146
1659	29.5880127
1660	29.12298584
1661	29.07699585
1662	29.37600708
1663	29.36801147
1664	29.2789917
1665	29.79800415
1666	31.21099854
1667	30.85198975
1668	29.9670105
1669	29.90200806
1670	29.9039917
1671	30.13900757
1672	30.26300049
1673	30.24499512
1674	30.31900024
1675	30.48800659
1676	30.4630127
1677	30.19100952
1678	29.91500854
1679	29.68099976
1680	29.6210022
1681	29.54901123
1682	29.75299072
1683	30.14001465
1684	30.01800537
1685	29.88500977
1686	29.84701538
1687	29.73901367
1688	29.73800659
1689	29.84701538
1690	30.00100708
1691	29.66500854
1692	29.72799683
1693	29.92800903
1694	29.77398682
1695	29.91900635
1696	29.85299683
1697	30.14199829
1698	30.18600464
1699	29.96899414
1700	29.91400146
1701	30.03100586
1702	30.15600586
1703	30.13198853
1704	30.23199463
1705	30.31698608
1706	30.01699829
1707	29.85699463
1708	30.09298706
1709	30.13800049
1710	30.15499878
1711	29.98400879
1712	30.11300659
1713	29.98800659
1714	30.24200439
1715	30.46099854
1716	30.4460144
1717	30.17300415
1718	29.94400024
1719	29.8210144
1720	29.8500061
1721	29.86599731
1722	29.88400269
1723	29.6960144
1724	29.72201538
1725	29.78399658
1726	30.17800903
1727	30.09899902
1728	30.1619873
1729	30.24301147
1730	30.49301147
1731	30.54699707
1732	30.81799316
1733	30.95599365
1734	30.82699585
1735	30.17401123
1736	30.18701172
1737	30.4039917
1738	30.45800781
1739	30.51501465
1740	30.60598755
1741	30.85998535
1742	30.94000244
1743	30.93798828
1744	31.11300659
1745	31.04000854
1746	29.93899536
1747	30.04998779
1748	29.98498535
1749	29.9289856
1750	29.24099731
1751	29.23699951
1752	28.83599854
1753	28.75100708
1754	28.54098511
1755	28.69000244
1756	28.89599609
1757	28.66500854
1758	28.71600342
1759	29.17498779
1760	29.82800293
1761	29.87799072
1762	29.83898926
1763	30.01599121
1764	29.79098511
1765	29.87701416
1766	29.99301147
1767	29.43099976
1768	29.90200806
1769	29.85598755
1770	29.65100098
1771	29.14498901
1772	29.17999268
1773	29.0960083
1774	29.12600708
1775	29.16598511
1776	28.69699097
1777	28.4039917
1778	28.53201294
1779	28.40499878
1780	28.31900024
1781	28.44100952
1782	28.57501221
1783	27.9670105
1784	27.00299072
1785	27.29000854
1786	27.33898926
1787	27.35400391
1788	28.15600586
1789	28.33499146
1790	28.14401245
1791	27.64199829
1792	25.74499512
1793	25.47198486
1794	25.94500732
1795	26.31298828
1796	27.50698853
1797	28.66101074
1798	28.5369873
1799	28.05499268
1800	28.06298828
1801	27.80300903
1802	26.49398804
1803	26.50201416
1804	27.57501221
1805	28.30700684
1806	28.45098877
1807	27.76800537
1808	27.08401489
1809	26.96099854
1810	26.71600342
1811	26.28100586
1812	26.00201416
1813	25.69198608
1814	25.95199585
1815	25.97799683
1816	26
1817	26.64001465
1818	26.69000244
1819	26.86401367
1820	27.78399658
1821	27.66000366
1822	27.10800171
1823	27.15499878
1824	26.96398926
1825	27.14300537
1826	27.42999268
1827	26.98199463
1828	26.7829895
1829	26.81298828
1830	26.54199219
1831	26.00500488
1832	25.06698608
1833	24.625
1834	24.94500732
1835	24.81399536
1836	24.39498901
1837	24.32699585
1838	24.33700562
1839	25.4039917
1840	25.07598877
1841	25.74301147
1842	26.26901245
1843	26.36801147
1844	26.39199829
1845	26.625
1846	27.44699097
1847	27.56399536
1848	27.68399048
1849	27.54501343
1850	27.45700073
1851	27.38900757
1852	27.26199341
1853	27.1499939
1854	27.14801025
1855	27.28201294
1856	26.97201538
1857	26.80801392
1858	25.97698975
1859	25.88000488
1860	26.33401489
1861	26.56900024
1862	26.69500732
1863	26.78900146
1864	27.38299561
1865	27.73400879
1866	27.12701416
1867	26.95098877
1868	27.02600098
1869	26.74899292
1870	26.05300903
1871	25.64001465
1872	25.80200195
1873	26.45999146
1874	26.88400269
1875	24.81201172
1876	24.54598999
1877	24.60998535
1878	25.95800781
1879	26.39199829
1880	26.39199829
1881	26.57998657
1882	25.19699097
1883	24.8710022
1884	24.71099854
1885	24.43301392
1886	24.06600952
1887	23.61700439
1888	25.50100708
1889	25.47900391
1890	25.70599365
1891	25.94799805
1892	26.31201172
1893	27.45300293
1894	27.90301514
1895	28.34701538
1896	28.28100586
1897	28.30200195
1898	27.93301392
1899	27.51199341
1900	27.18399048
1901	27.43200684
1902	27.65600586
1903	27.12799072
1904	26.76699829
1905	26.69500732
1906	26.55999756
1907	25.95300293
1908	25.73599243
1909	25.34698486
1910	27.64599609
1911	27.7829895
1912	27.74200439
1913	27.99200439
1914	28.03601074
1915	27.75601196
1916	26.55599976
1917	27.14801025
1918	27.65600586
1919	27.67300415
1920	27.86999512
1921	28.52700806
1922	28.41799927
1923	28.40899658
1924	28.3210144
1925	28.02099609
1926	27.82598877
1927	28.49798584
1928	28.51901245
1929	28.33099365
1930	28.77600098
1931	28.91500854
1932	28.94100952
1933	28.90301514
1934	28.73800659
1935	28.81799316
1936	28.49700928
1937	28.54501343
1938	29.10699463
1939	29.6000061
1940	29.73800659
1941	29.71398926
1942	29.84399414
1943	30.08898926
1944	29.9289856
1945	29.62399292
1946	29.60900879
1947	29.55801392
1948	29.66101074
1949	29.05899048
1950	29.04098511
1951	29.14001465
1952	29.35800171
1953	29.35501099
1954	29.66101074
1955	29.88198853
1956	29.58999634
1957	29.3460083
1958	30.83898926
1959	30.8210144
1960	30.93200684
1961	31.10501099
1962	30.94500732
1963	30.64001465
1964	30.62701416
1965	30.72698975
1966	30.87799072
1967	31.45700073
1968	31.22399902
1969	30.70999146
1970	30.68200684
1971	30.67599487
1972	30.61401367
1973	30.42498779
1974	30.05899048
1975	30.03100586
1976	30.35699463
1977	30.20498657
1978	30.33499146
1979	30.3789978
1980	30.0710144
1981	29.95498657
1982	29.5329895
1983	29.74301147
1984	29.92401123
1985	29.83898926
1986	29.96899414
1987	29.80099487
1988	29.75698853
1989	29.44500732
1990	29.66900635
1991	29.03399658
1992	28.67599487
1993	28.8460083
1994	29.09899902
1995	29.80599976
1996	29.87399292
1997	29.82501221
1998	29.59100342
1999	29.52999878
2000	29.13598633
2001	28.54501343
2002	28.69299316
2003	29.35101318
2004	29.62799072
2005	29.82800293
2006	29.77801514
2007	29.73800659
2008	29.67098999
2009	29.20999146
2010	29.18399048
2011	29.17300415
2012	29.26901245
2013	29.22399902
2014	29.42199707
2015	29.91299438
2016	29.60598755
2017	29.4039917
2018	29.22399902
2019	28.92001343
2020	28.77700806
2021	29.11999512
2022	28.87399292
2023	28.80700684
2024	28.85400391
2025	29.08499146
2026	29.26800537
2027	29.64700317
2028	29.35800171
2029	28.86300659
2030	29.07501221
2031	29.22900391
2032	29.48098755
2033	29.64099121
2034	30.16299438
2035	30.23800659
2036	30.24398804
2037	30.19299316
2038	30.21398926
2039	30.08499146
2040	29.63400269
2041	29.67199707
2042	30.16400146
2043	29.89401245
2044	29.92800903
2045	30.08599854
2046	30.14199829
2047	30.26098633
2048	30.45901489
2049	29.875
2050	29.6789856
2051	29.42199707
2052	29.38699341
2053	29.72299194
2054	30.18399048
2055	29.70901489
2056	29.69100952
2057	29.27801514
2058	28.95599365
2059	28.56500244
2060	28.77700806
2061	28.89099121
2062	29.11099243
2063	29.15200806
2064	29.18301392
2065	28.88598633
2066	28.65701294
2067	28.70199585
2068	28.56100464
2069	28.80801392
2070	29.31399536
2071	29.04400635
2072	28.7539978
2073	28.70001221
2074	28.75201416
2075	29.10198975
2076	29.04699707
2077	29.07299805
2078	29.19900513
2079	29.42498779
2080	29.5289917
2081	29.04699707
2082	28.76098633
2083	28.73400879
2084	28.81201172
2085	29.01998901
2086	28.85101318
2087	29.16900635
2088	29.30499268
2089	29.31100464
2090	29.19699097
2091	29.00900269
2092	28.64801025
2093	28.63598633
2094	28.76800537
2095	28.73599243
2096	27.80200195
2097	26.7210083
2098	27.42700195
2099	27.73699951
2100	27.65499878
2101	27.7210083
2102	27.59701538
2103	26.87399292
2104	25.81201172
2105	25.86898804
2106	26.37600708
2107	26.07299805
2108	27.24099731
2109	27.55599976
2110	26.12701416
2111	25.34899902
2112	25.26599121
2113	25.6960144
2114	28.25
2115	28.18701172
2116	27.99398804
2117	27.28500366
2118	26.83099365
2119	26.81201172
2120	26.82501221
2121	25.71099854
2122	25.90600586
2123	25.84399414
2124	25.82199097
2125	26.1619873
2126	28.00900269
2127	28.41400146
2128	25.77700806
2129	25.51199341
2130	25.49200439
2131	25.75
2132	26.61700439
2133	26.97900391
2134	27.33499146
2135	27.39099121
2136	24.9460144
2137	24.78900146
2138	24.76501465
2139	26.64498901
2140	26.92599487
2141	26.92700195
2142	26.90100098
2143	26.3500061
2144	25.55899048
2145	26.6960144
2146	28.40200806
2147	28.53900146
2148	28.68798828
2149	28.61999512
2150	28.30200195
2151	27.10998535
2152	26.90899658
2153	26.74798584
2154	27.23300171
2155	27.62600708
2156	27.67300415
2157	26.50201416
2158	25.86599731
2159	26.00201416
2160	27.75299072
2161	28.06500244
2162	28.04998779
2163	27.28799438
2164	24.36499023
2165	22.82400513
2166	22.65200806
2167	21.20901489
2168	21.05099487
2169	23.7829895
2170	26.22299194
2171	26.04199219
2172	25.90301514
2173	26.03900146
2174	26.14898682
2175	24.88000488
2176	25.84799194
2177	26.57800293
2178	26.74700928
2179	26.6499939
2180	26.44000244
2181	26.62600708
2182	26.38101196
2183	26.01300049
2184	25.3210144
2185	25.23498535
2186	24.59399414
2187	24.07998657
2188	23.46099854
2189	24.03399658
2190	24.41799927
2191	25.91699219
2192	26.77801514
2193	26.86499023
2194	25.58499146
2195	26.13400269
2196	25.8420105
2197	25.64599609
2198	25.49798584
2199	25.22399902
2200	26.45001221
2201	27.03399658
2202	27.11199951
2203	26.06900024
2204	24.25100708
2205	23.91900635
2206	24.45098877
2207	27.01000977
2208	27.07400513
2209	26.79400635
2210	27.02999878
2211	26.71899414
2212	26.61300659
2213	25.65600586
2214	25.44198608
2215	24.97698975
2216	26.36401367
2217	27.05599976
2218	27.32800293
2219	26.63101196
2220	26.37298584
2221	26.56298828
2222	26.9630127
2223	27.18099976
2224	26.88101196
2225	26.46798706
2226	24.84799194
2227	24.04699707
2228	24.33401489
2229	24.88598633
2230	24.39700317
2231	23.93600464
2232	24.30899048
2233	24.4079895
2234	23.75799561
2235	23.28100586
2236	24.16900635
2237	26.15701294
2238	26.86801147
2239	27.23800659
2240	27.23300171
2241	26.28100586
2242	25.53601074
2243	26.81900024
2244	27.41299438
2245	27.59500122
2246	27.88800049
2247	28.15701294
2248	28.87399292
2249	29.03900146
2250	29.05200195
2251	28.9670105
2252	28.375
2253	25.70498657
2254	25.31799316
2255	25.57998657
2256	25.57998657
2257	25.31900024
2258	25.41500854
2259	25.5920105
2260	25.76199341
2261	25.50201416
2262	24.22000122
2263	23.37298584
2264	25.75601196
2265	26.25500488
2266	26.33099365
2267	24.97000122
2268	24.1579895
2269	24.12600708
2270	23.98599243
2271	24.20300293
2272	24.91500854
2273	24.89001465
2274	25.1619873
2275	25.73599243
2276	27.03799438
2277	28.45999146
2278	28.54098511
2279	29.10598755
2280	29.35800171
2281	29.22799683
2282	29.11599731
2283	29.01599121
2284	28.76998901
2285	28.36801147
2286	28.30499268
2287	29.37298584
2288	29.32199097
2289	29.1789856
2290	28.92401123
2291	28.77099609
2292	28.86599731
2293	29.00601196
2294	29.03799438
2295	28.76800537
2296	28.82299805
2297	28.64898682
2298	29.44000244
2299	29.51800537
2300	29.47201538
2301	29.84399414
2302	29.89801025
2303	29.79501343
2304	29.66799927
2305	29.6000061
2306	29.66101074
2307	29.8380127
2308	29.86801147
2309	29.90100098
2310	30.05599976
2311	30.0249939
2312	29.50500488
2313	29.38101196
2314	29.00299072
2315	28.81900024
2316	28.96899414
2317	28.80999756
2318	28.46398926
2319	28.02099609
2320	28.41699219
2321	29.31100464
2322	29.37799072
2323	29.19198608
2324	29.68200684
2325	29.58401489
2326	29.56399536
2327	29.46798706
2328	29.5960083
2329	29.75100708
2330	29.87200928
2331	29.97698975
2332	29.91101074
2333	30.02600098
2334	29.10501099
2335	30.13699341
2336	30.65701294
2337	30.7749939
2338	30.82199097
2339	30.8380127
2340	30.91699219
2341	30.85699463
2342	30.95098877
2343	31.27301025
2344	31.12799072
2345	30.9960022
2346	30.88699341
2347	30.67498779
2348	30.11499023
2349	30.29098511
2350	30.48001099
2351	30.38800049
2352	30.34701538
2353	31.04699707
2354	31.24200439
2355	31.19799805
2356	31.15701294
2357	30.97799683
2358	29.95700073
2359	30.04000854
2360	30.03500366
2361	29.34399414
2362	29.22299194
2363	29.34298706
2364	29.43499756
2365	29.59799194
2366	29.57800293
2367	29.73699951
2368	29.96499634
2369	30.01998901
2370	29.60998535
2371	29.3210144
2372	29.31698608
2373	29.86199951
2374	29.30499268
2375	28.97799683
2376	28.74398804
2377	28.74398804
2378	28.69799805
2379	28.83898926
2380	29.10699463
2381	29.71499634
2382	29.74200439
2383	29.74899292
2384	29.6289978
2385	29.46899414
2386	29.5
2387	29.71499634
2388	29.47201538
2389	29.5880127
2390	29.38198853
2391	29.13800049
2392	29.12298584
2393	29.03100586
2394	29.16699219
2395	29.79400635
2396	29.61099243
2397	29.63198853
2398	29.63299561
2399	29.73400879
2400	29.44900513
2401	29.30200195
2402	29.39300537
2403	30.65200806
2404	30.03500366
2405	29.66799927
2406	30.11300659
2407	30.5920105
2408	30.54501343
2409	30.51400757
2410	30.7170105
2411	30.8380127
2412	30.75
2413	30.75
2414	30.76599121
2415	30.85800171
2416	30.92800903
2417	30.8380127
2418	30.82699585
2419	30.76998901
2420	29.78201294
2421	29.56500244
2422	29.55099487
2423	29.53900146
2424	29.49499512
2425	29.59298706
2426	29.5710144
2427	29.56298828
2428	29.4039917
2429	29.40701294
2430	29.84799194
2431	29.78601074
2432	30.39898682
2433	29.60400391
2434	29.87200928
2435	29.85900879
2436	29.7869873
2437	29.80899048
2438	29.79400635
2439	29.78201294
2440	30.26400757
2441	30.04098511
2442	29.35400391
2443	29.1789856
2444	29.11401367
2445	28.9119873
2446	28.99700928
2447	29.03500366
2448	29.34701538
2449	29.42498779
2450	29.44000244
2451	29.39099121
2452	29.31100464
2453	29.27801514
2454	29.35598755
2455	29.3210144
2456	29.3710022
2457	29.03601074
2458	28.61599731
2459	28.74301147
2460	29.57400513
2461	29.48901367
2462	29.42098999
2463	29.53100586
2464	29.56900024
2465	29.19900513
2466	29.20901489
2467	29.13198853
2468	28.95498657
2469	28.20599365
2470	27.69400024
2471	28.52099609
2472	29.35598755
2473	29.42199707
2474	29.51501465
2475	29.55599976
2476	28.41101074
2477	28.84500122
2478	29.20700073
2479	29.22000122
2480	29.14599609
2481	28.63598633
2482	28.07901001
2483	26.95901489
2484	26.84298706
2485	26.69400024
2486	26.875
2487	26.9630127
2488	27.11499023
2489	26.60299683
2490	25.46200562
2491	24.88000488
2492	24.74200439
2493	24.67999268
2494	24.45001221
2495	24.21899414
2496	23.35198975
2497	24.01599121
2498	22.98999023
2499	23.54199219
2500	23.72799683
2501	23.96398926
2502	23.94799805
2503	24.29699707
2504	24.90899658
2505	25.01400757
2506	25.25201416
2507	25.52999878
2508	25.34899902
2509	26.31900024
2510	28.89700317
2511	29.2539978
2512	29.38598633
2513	28.18099976
2514	26.45700073
2515	26.41799927
2516	26.35900879
2517	26.95700073
2518	27.24798584
2519	27.23599243
2520	26.60699463
2521	24.8210144
2522	25.05300903
2523	25.41500854
2524	24.96600342
2525	24.54998779
2526	24.95599365
2527	25.18099976
2528	24.86199951
2529	25.52200317
2530	26.15899658
2531	26.61898804
2532	26.31600952
2533	25.8460083
2534	25.46099854
2535	25.3039856
2536	24.74398804
2537	24.60400391
2538	24.03100586
2539	24.23498535
2540	24.82998657
2541	25.18701172
2542	26.04598999
2543	25.94900513
2544	26.17999268
2545	27.68200684
2546	27.73498535
2547	28.36300659
2548	28.34399414
2549	27.53399658
2550	26.96200562
2551	26.22198486
2552	26.15200806
2553	25.88299561
2554	25.52700806
2555	25.83700562
2556	25.91900635
2557	25.39199829
2558	25.00799561
2559	24.51501465
2560	24.33898926
2561	24.72698975
2562	25.83700562
2563	25.6789856
2564	26.76300049
2565	27.84701538
2566	27.91699219
2567	27.54199219
2568	27.33898926
2569	27.11099243
2570	26.89300537
2571	26.0920105
2572	23.09298706
2573	22.6289978
2574	23.91799927
2575	25.24200439
2576	26.75100708
2577	26.84100342
2578	27.73800659
2579	27.79299927
2580	27.94000244
2581	28.10900879
2582	28.0329895
2583	27.9460144
2584	27.79901123
2585	27.06399536
2586	25.11999512
2587	23.80801392
2588	24.10998535
2589	24.37298584
2590	24.89599609
2591	25.34399414
2592	25.39001465
2593	25.1539917
2594	24.8999939
2595	25.20599365
2596	26.09298706
2597	26.02099609
2598	26.04098511
2599	26.32598877
2600	26.88101196
2601	26.74700928
2602	27.43301392
2603	27.51800537
2604	28.32501221
2605	28.14001465
2606	27.55999756
2607	27.46200562
2608	26.66598511
2609	26.11700439
2610	26.68099976
2611	28.56298828
2612	28.57299805
2613	28.23300171
2614	25.39001465
2615	25.85101318
2616	26.27200317
2617	27.00299072
2618	27.39401245
2619	27.86099243
2620	27.78500366
2621	27.70001221
2622	26.7539978
2623	25.0249939
2624	24.58300781
2625	24.69900513
2626	24.97799683
2627	25.14099121
2628	25.14199829
2629	24.9289856
2630	24.88500977
2631	24.93499756
2632	25.37200928
2633	25.56100464
2634	26.2250061
2635	28.24398804
2636	28.96398926
2637	29.03601074
2638	28.88598633
2639	28.75799561
2640	28.58999634
2641	28.48001099
2642	27.7170105
2643	27.43701172
2644	27.58401489
2645	27.79000854
2646	27.97601318
2647	28.65100098
2648	28.95599365
2649	29.11199951
2650	28.94799805
2651	27.86199951
2652	27.5960083
2653	27.47201538
2654	27.53799438
2655	27.61199951
2656	27.89498901
2657	28.45098877
2658	28.32501221
2659	28.35900879
2660	28.26098633
2661	28.12298584
2662	28.41400146
2663	28.81698608
2664	28.73599243
2665	28.60501099
2666	28.32299805
2667	27.82998657
2668	28.0329895
2669	27.01901245
2670	26.84298706
2671	26.81201172
2672	26.82800293
2673	26.87600708
2674	26.89599609
2675	27.85299683
2676	28.14599609
2677	29.20700073
2678	29.62701416
2679	29.2789917
2680	29.4960022
2681	29.57998657
2682	29.76901245
2683	29.82800293
2684	29.80999756
2685	29.375
2686	29.46398926
2687	29.51699829
2688	29.54098511
2689	29.63299561
2690	29.91400146
2691	29.52999878
2692	29.19900513
2693	29.18701172
2694	29.08099365
2695	29.04800415
2696	29.06100464
2697	28.8380127
2698	28.38800049
2699	28.23800659
2700	28.45700073
2701	28.97799683
2702	29.35400391
2703	30.06201172
2704	30.01998901
2705	30.29299927
2706	30.75500488
2707	30.72698975
2708	30.5960083
2709	30.29699707
2710	30.43200684
2711	30.61199951
2712	30.7829895
2713	30.92098999
2714	30.65701294
2715	30.50299072
2716	30.7130127
2717	30.75500488
2718	30.86898804
2719	31.13598633
2720	31.19799805
2721	31.17498779
2722	31.10400391
2723	30.82998657
2724	30.55200195
2725	29.79800415
2726	29.58401489
2727	28.58099365
2728	28.63101196
2729	28.80801392
2730	28.87799072
2731	29.0329895
2732	28.98800659
2733	29.13598633
2734	28.80700684
2735	29.04098511
2736	29.17401123
2737	29.08401489
2738	29.68899536
2739	30.41000366
2740	30.42001343
2741	30.50500488
2742	30.50900269
2743	30.38500977
2744	30.12600708
2745	29.50698853
2746	29.41500854
2747	29.32000732
2748	29.41500854
2749	29.34899902
2750	29.47000122
2751	29.52099609
2752	29.69100952
2753	29.71499634
2754	29.85101318
2755	30.0329895
2756	30.26699829
2757	29.63800049
2758	29.7170105
2759	29.85998535
2760	29.73599243
2761	29.88800049
2762	29.69500732
2763	29.88699341
2764	30.11999512
2765	30.22299194
2766	30.09799194
2767	29.27700806
2768	29.02801514
2769	29.20599365
2770	29.40100098
2771	29.17800903
2772	29.14599609
2773	29.25
2774	30.07000732
2775	30.40701294
2776	30.40499878
2777	30.40100098
2778	30.26098633
2779	30.08700562
2780	30.77398682
2781	29.84500122
2782	29.16799927
2783	29.17800903
2784	29.34500122
2785	29.08898926
2786	28.79901123
2787	28.87399292
2788	28.99798584
2789	29.2250061
2790	29.4289856
2791	30.00601196
2792	30.18899536
2793	30.0289917
2794	30.11499023
2795	30.36599731
2796	30.52301025
2797	30.44799805
2798	30.0920105
2799	29.94100952
2800	29.82800293
2801	30.58099365
2802	30.7789917
2803	30.79199219
2804	30.78799438
2805	30.8500061
2806	30.82400513
2807	30.8500061
2808	30.64401245
2809	30.06600952
2810	30.44699097
2811	30.25698853
2812	30.37298584
2813	30.60800171
2814	30.58999634
2815	30.3789978
2816	30.31600952
2817	30.0369873
2818	30.03601074
2819	30.29299927
2820	30.37600708
2821	30.34100342
2822	30.26800537
2823	29.68899536
2824	29.47299194
2825	29.51000977
2826	29.51400757
2827	30.11099243
2828	30.26901245
2829	30.06799316
2830	30.09701538
2831	30.10400391
2832	30.17800903
2833	29.68200684
2834	29.83599854
2835	29.79598999
2836	29.68600464
2837	29.79098511
2838	29.66400146
2839	29.58700562
2840	29.57998657
2841	29.51400757
2842	29.60198975
2843	29.7130127
2844	29.81298828
2845	29.82998657
2846	29.7130127
2847	29.54800415
2848	30.04098511
2849	30.35998535
2850	30.17300415
2851	29.51699829
2852	29.0039978
2853	29.01501465
2854	28.86599731
2855	27.80999756
2856	27.63699341
2857	27.56799316
2858	27.63000488
2859	29.55801392
2860	29.26901245
2861	28.39801025
2862	27.9039917
2863	27.92599487
2864	27.99099731
2865	28.05999756
2866	28.05499268
2867	27.56201172
2868	28.13699341
2869	28.23498535
2870	27.01400757
2871	27.52700806
2872	27.42401123
2873	27.50100708
2874	27.47900391
2875	26.81298828
2876	25.13198853
2877	24.73999023
2878	24.6289978
2879	24.96600342
2880	25.05700684
2881	25.3420105
2882	25.60501099
2883	25.76199341
2884	25.61099243
2885	25.32998657
2886	25.37701416
2887	25.19198608
2888	25.02999878
2889	25.01699829
2890	25.1000061
2891	24.78500366
2892	25.24899292
2893	25.40499878
2894	25.8460083
2895	26.18600464
2896	26.49200439
2897	26.39599609
2898	27.06399536
2899	28.01098633
2900	28.23199463
2901	28.76699829
2902	28.97000122
2903	29.07501221
2904	28.66299438
2905	27.54000854
2906	27.47799683
2907	27.54199219
2908	27.64700317
2909	28.43600464
2910	28.45800781
2911	28.50900269
2912	28.42401123
2913	28.38900757
2914	28.05599976
2915	27.2539978
2916	27.68301392
2917	27.88699341
2918	27.66699219
2919	27.52700806
2920	27.85699463
2921	26.58099365
2922	26.10998535
2923	26.02999878
2924	26.89700317
2925	26.70599365
2926	26.50601196
2927	26.2210083
2928	25.84799194
2929	27
2930	27.31399536
2931	27.9710083
2932	27.15499878
2933	27.04199219
2934	27.50698853
2935	27.7789917
2936	28.38900757
2937	28.35198975
2938	28.30700684
2939	27.9750061
2940	27.70999146
2941	27.55599976
2942	26.05899048
2943	25.90301514
2944	24.07901001
2945	23.76800537
2946	24.25698853
2947	25.41799927
2948	25.55099487
2949	25.72399902
2950	26.97900391
2951	27.43798828
2952	27.78399658
2953	28.08700562
2954	25.82699585
2955	25.31201172
2956	25.79000854
2957	26.27700806
2958	26.33700562
2959	26.80899048
2960	27.44100952
2961	28.25201416
2962	27.92001343
2963	27.7460022
2964	28.1579895
2965	28.92401123
2966	28.70098877
2967	28.52999878
2968	28.4039917
2969	28.2789917
2970	27.45999146
2971	26.31500244
2972	25.79199219
2973	27.18701172
2974	27.75100708
2975	27.79400635
2976	27.87200928
2977	28.39300537
2978	28.41299438
2979	28.10501099
2980	27.11199951
2981	26.5289917
2982	26.53100586
2983	26.38900757
2984	25.61099243
2985	24.97000122
2986	24.5
2987	24.9960022
2988	25.14700317
2989	24.97198486
2990	25.51599121
2991	26.40899658
2992	26.7130127
2993	26.86401367
2994	26.84399414
2995	26.62701416
2996	27.625
2997	27.6210022
2998	27.54800415
2999	27.51599121
3000	27.64599609
3001	28.08300781
3002	28.31298828
3003	28.27600098
3004	27.65899658
3005	27.37600708
3006	27.4289856
3007	27.66000366
3008	27.21899414
3009	24.9630127
3010	24.63699341
3011	25.55999756
3012	25.69500732
3013	26.05300903
3014	27.17300415
3015	27.45098877
3016	27.69400024
3017	26.76800537
3018	26.50500488
3019	24.89700317
3020	25.0369873
3021	25.18899536
3022	25.26599121
3023	25.71200562
3024	26.13299561
3025	26.72698975
3026	26.86099243
3027	27.38198853
3028	27.48098755
3029	27.43099976
3030	27.45700073
3031	27.20800781
3032	26.54598999
3033	26.03100586
3034	25.80999756
3035	25.68399048
3036	25.74301147
3037	26.68701172
3038	27.4710083
3039	27.70098877
3040	28.01901245
3041	28.12399292
3042	28.79299927
3043	29.59500122
3044	29.57000732
3045	29.30801392
3046	29.31201172
3047	27.14498901
3048	27.11401367
3049	27.2130127
3050	27.76699829
3051	28.81500244
3052	29.22000122
3053	29.55200195
3054	29.43701172
3055	29.43099976
3056	27.88598633
3057	27.80300903
3058	27.82000732
3059	28.09799194
3060	28.14498901
3061	29.47601318
3062	30.125
3063	30.14801025
3064	30.09899902
3065	30
3066	29.90701294
3067	29.97201538
3068	29.81201172
3069	30.20599365
3070	30.58099365
3071	30.2869873
3072	28.29199219
3073	28.12298584
3074	28.13400269
3075	28.17098999
3076	28.23800659
3077	28.54998779
3078	29.54098511
3079	29.5960083
3080	29.61801147
3081	29.59899902
3082	29.57299805
3083	29.70800781
3084	29.71899414
3085	29.60800171
3086	29.61401367
3087	29.64199829
3088	29.80801392
3089	30.16900635
3090	30.26199341
3091	30.27801514
3092	30.26800537
3093	30.36300659
3094	30.76998901
3095	29.37600708
3096	29.45599365
3097	29.54299927
3098	29.45401001
3099	29.30300903
3100	29.26901245
3101	29.77099609
3102	29.89700317
3103	30.07299805
3104	30.10699463
3105	30.08700562
3106	30.1619873
3107	29.36700439
3108	30.29699707
3109	30.6539917
3110	30.66900635
3111	30.06600952
3112	29.98599243
3113	29.98999023
3114	29.91000366
3115	29.85998535
3116	29.99899292
3117	30.20199585
3118	30.35900879
3119	30.1210022
3120	30.16500854
3121	30.19198608
3122	29.88299561
3123	29.7829895
3124	29.75799561
3125	29.32901001
3126	29.61499023
3127	29.96798706
3128	29.91101074
3129	30.01199341
3130	30.20800781
3131	30.00799561
3132	29.875
3133	29.72299194
3134	29.73901367
3135	30.09899902
3136	30.25500488
3137	30.32598877
3138	30.3789978
3139	30.10198975
3140	28.9039917
3141	28.92199707
3142	29.22000122
3143	29.61099243
3144	30.01300049
3145	30.45001221
3146	30.46200562
3147	29.58200073
3148	29.74398804
3149	29.76998901
3150	29.76599121
3151	29.76199341
3152	29.45300293
3153	29.33200073
3154	29.39898682
3155	29.67599487
3156	30.24099731
3157	30.11300659
3158	29.96099854
3159	29.82299805
3160	29.53201294
3161	29.93499756
3162	30.12799072
3163	30.0920105
3164	29.97799683
3165	29.51501465
3166	29.41699219
3167	29.92599487
3168	30.05200195
3169	29.99200439
3170	30.06201172
3171	30.59500122
3172	30.60501099
3173	30.68798828
3174	30.84701538
3175	30.18701172
3176	28.24301147
3177	27.43701172
3178	28.11599731
3179	28.76998901
3180	28.87600708
3181	28.95700073
3182	29.03500366
3183	29.01501465
3184	29.35501099
3185	28.49499512
3186	28.51998901
3187	27.90200806
3188	28.22601318
3189	29.89401245
3190	29.95700073
3191	29.64300537
3192	29.24899292
3193	29.1210022
3194	29.18099976
3195	29.38101196
3196	29.23098755
3197	29.24798584
3198	29.38900757
3199	29.88800049
3200	29.82000732
3201	29.86099243
3202	29.86099243
3203	29.59298706
3204	29.39801025
3205	29.33700562
3206	29.33300781
3207	29.29400635
3208	29.3789978
3209	29.20498657
3210	28.70098877
3211	28.14801025
3212	27.94699097
3213	28.41101074
3214	28.91699219
3215	30.04800415
3216	30.23199463
3217	30.13198853
3218	30.36401367
3219	30.24398804
3220	29.68798828
3221	29.20098877
3222	28.87399292
3223	28.85800171
3224	29.91101074
3225	30.2250061
3226	30.42300415
3227	30.43099976
3228	30.45599365
3229	30.23901367
3230	28.28100586
3231	28.04699707
3232	28.2250061
3233	28.15600586
3234	28.0710144
3235	28.06600952
3236	27.86401367
3237	29.96899414
3238	29.88198853
3239	29.45999146
3240	29.34100342
3241	29.52700806
3242	29.79098511
3243	29.52200317
3244	29.59799194
3245	29.45498657
3246	28.9710083
3247	29.33999634
3248	29.62600708
3249	29.85501099
3250	29.81799316
3251	28.10900879
3252	27.30200195
3253	27.25
3254	27.18301392
3255	26.66598511
3256	27.16598511
3257	26.87701416
3258	26.8500061
3259	27.31600952
3260	28.28799438
3261	28.47900391
3262	28.58300781
3263	28.72698975
3264	28.17800903
3265	27.70901489
3266	27.24798584
3267	27.05700684
3268	26.60501099
3269	26.21200562
3270	26.3710022
3271	26.13400269
3272	25.61401367
3273	24.10299683
3274	24.97000122
3275	24.61499023
3276	24.75601196
3277	27.30700684
3278	28.2789917
3279	28.23300171
3280	28.09298706
3281	26.85598755
3282	25.66900635
3283	25.7130127
3284	25.90899658
3285	25.72399902
3286	25.53399658
3287	25.58599854
3288	25.13500977
3289	25.01599121
3290	25.64801025
3291	25.61700439
3292	26.07501221
3293	26.28000069
3294	24.89999962
3295	24.94000053
3296	25.60000038
3297	26.11801147
3298	26.06100464
3299	25.87701416
3300	26.24398804
3301	26.39898682
3302	25.53500366
3303	24.06100464
3304	23.98001099
3305	24.06698608
3306	23.79000854
3307	23.51300049
3308	23.86499023
3309	23.65200806
3310	23.19198608
3311	24.26300049
3312	24.06100464
3313	24.85198975
3314	25.54901123
3315	26.375
3316	26.43600464
3317	25.99099731
3318	26.01800537
3319	25.95599365
3320	25.92700195
3321	26.90301514
3322	27.09399414
3323	27.13400269
3324	27.01199341
3325	26.95700073
3326	27.09500122
3327	26.33599854
3328	26.23999023
3329	26.85699463
3330	26.75799561
3331	26.24398804
3332	26.32998657
3333	26.09100342
3334	25.79299927
3335	25.41000366
3336	25.67700195
3337	26.17498779
3338	26.27301025
3339	26.44699097
3340	27.37799072
3341	27.69299316
3342	27.98901367
3343	28.16000366
3344	27.69900513
3345	27.40499878
3346	26.62200928
3347	26.73098755
3348	26.51901245
3349	26.75500488
3350	27.06600952
3351	27.20700073
3352	27.32699585
3353	26.82400513
3354	26.40200806
3355	27.04598999
3356	27.61599731
3357	27.43399048
3358	27.2210083
3359	27.30300903
3360	27.22000122
3361	25.77700806
3362	26.16500854
3363	26.21499634
3364	25.88800049
3365	25.67800903
3366	25.68499756
3367	25.65701294
3368	26.6000061
3369	28.17700195
3370	28.33999634
3371	28.0710144
3372	27.88699341
3373	28.30499268
3374	28.25900269
3375	28.65600586
3376	28.63699341
3377	28.07400513
3378	27.73001099
3379	27.95001221
3380	28.39700317
3381	28.55599976
3382	28.77398682
3383	29.07699585
3384	29.32800293
3385	28.87600708
3386	28.70999146
3387	27.77398682
3388	26.41500854
3389	26.30599976
3390	26.89199829
3391	27.30899048
3392	27.06100464
3393	25.33099365
3394	25.46499634
3395	25.4670105
3396	25.73800659
3397	26.44299316
3398	26.54800415
3399	27.07800293
3400	28.19500732
3401	28.4289856
3402	28.64099121
3403	29.22201538
3404	29.08300781
3405	29.1539917
3406	29.17199707
3407	28.79098511
3408	28.70300293
3409	29.34799194
3410	29.31698608
3411	29.54998779
3412	29.35400391
3413	29.11801147
3414	29.23199463
3415	29.18899536
3416	29.17098999
3417	28.92300415
3418	28.67498779
3419	29.26199341
3420	29.17401123
3421	28.83200073
3422	28.14001465
3423	27.94299316
3424	27.91400146
3425	27.6000061
3426	28.06698608
3427	28.80700684
3428	28.51199341
3429	28.51000977
3430	28.71899414
3431	28.80899048
3432	29.32901001
3433	29.57598877
3434	29.69699097
3435	29.98300171
3436	29.99398804
3437	30.01800537
3438	30.6210022
3439	30.66400146
3440	30.76599121
3441	30.18798828
3442	30.32501221
3443	29.49099731
3444	29.47799683
3445	29.6000061
3446	29.55300903
3447	29.16101074
3448	29.10598755
3449	29.25500488
3450	29.30599976
3451	30.2130127
3452	30.3039856
3453	30.28399658
3454	30.27301025
3455	30.19198608
3456	30.10699463
3457	30.09100342
3458	30.02600098
3459	29.79998779
3460	29.7130127
3461	29.72799683
3462	29.77398682
3463	30.10900879
3464	31.01400757
3465	31.27700806
3466	31.34799194
3467	31.05300903
3468	29.02200317
3469	28.80200195
3470	30.34298706
3471	30.36199951
3472	30.3460083
3473	30.32199097
3474	30.00698853
3475	29.68399048
3476	29.29699707
3477	29.2829895
3478	29.15301514
3479	29.23699951
3480	29.6619873
3481	29.66900635
3482	29.66598511
3483	29.49398804
3484	29.4289856
3485	29.85598755
3486	30.32998657
3487	30.29000854
3488	30.60299683
3489	30.80899048
3490	30.84298706
3491	30.95800781
3492	30.86898804
3493	30.49301147
3494	30.18099976
3495	30.04400635
3496	29.95498657
3497	30.01501465
3498	29.95700073
3499	30.01998901
3500	29.92098999
3501	29.78399658
3502	30.20700073
3503	30.32998657
3504	30.30099487
3505	30.28399658
3506	29.94699097
3507	30.02398682
3508	30.20700073
3509	30.44500732
3510	30.20498657
3511	29.71600342
3512	29.69299316
3513	29.69198608
3514	29.77398682
3515	29.8210144
3516	30.30700684
3517	30.6539917
3518	30.64099121
3519	30.23901367
3520	29.93200684
3521	30.48400879
3522	30.92199707
3523	31.10900879
3524	31.11801147
3525	30.21200562
3526	30.25201416
3527	30.41299438
3528	30.58599854
3529	29.81600952
3530	29.83200073
3531	29.71099854
3532	30.29199219
3533	30.48001099
3534	30.68899536
3535	30.44500732
3536	30.1000061
3537	29.40301514
3538	29.24301147
3539	29.41400146
3540	29.04501343
3541	29.0039978
3542	29.1000061
3543	29.04098511
3544	28.95401001
3545	29.38000488
3546	29.37200928
3547	29.82299805
3548	29.86401367
3549	29.94500732
3550	29.9670105
3551	29.85699463
3552	29.64898682
3553	29.24899292
3554	29.34298706
3555	29.52700806
3556	29.41101074
3557	29.5369873
3558	30.20498657
3559	30.2539978
3560	30.34399414
3561	30.65499878
3562	30.40499878
3563	29.74301147
3564	29.27099609
3565	29.7170105
3566	29.74099731
3567	29.73199463
3568	29.33499146
3569	29.20599365
3570	29.38699341
3571	29.41799927
3572	29.59100342
3573	29.39801025
3574	29.2789917
3575	29.45700073
3576	29.65200806
3577	28.86300659
3578	28.74099731
3579	28.63800049
3580	27.98800659
3581	28.34100342
3582	28.71099854
3583	28.92599487
3584	28.96398926
3585	28.66699219
3586	28.14801025
3587	28.15200806
3588	28.2829895
3589	28.03900146
3590	27.88800049
3591	28.13500977
3592	27.82000732
3593	27.40499878
3594	27.60400391
3595	28.22601318
3596	28.32699585
3597	27.81298828
3598	27.35800171
3599	27.29901123
3600	27.31201172
3601	27.6619873
3602	28.02200317
3603	29.02700806
3604	28.34100342
3605	28.00601196
3606	27.92199707
3607	27.94198608
3608	28.28601074
3609	28.37399292
3610	28.63900757
3611	26.62701416
3612	26.56100464
3613	27.31600952
3614	27.45401001
3615	27.46899414
3616	28.45901489
3617	28.67800903
3618	28.51599121
3619	27.39599609
3620	25.97799683
3621	23.23001099
3622	22.99301147
3623	22.87701416
3624	23.58200073
3625	23.91400146
3626	23.82299805
3627	23.99200439
3628	24.0329895
3629	23.72698975
3630	23.30801392
3631	23.44799805
3632	23.81100464
3633	24.55599976
3634	26.1619873
3635	26.88598633
3636	27.12600708
3637	27.10699463
3638	26.97399902
3639	27.07598877
3640	27.39099121
3641	27.39801025
3642	27.49700928
3643	28.0289917
3644	28.01699829
3645	26.93099976
3646	26.1619873
3647	25.98999023
3648	25.89801025
3649	26.69799805
3650	27.03601074
3651	26.88598633
3652	25.87600708
3653	25.90701294
3654	26.01699829
3655	27.52301025
3656	27.60598755
3657	27.04699707
3658	26.64401245
3659	25.88500977
3660	25.85299683
3661	24.81600952
3662	24.8460083
3663	25.16799927
3664	25.14599609
3665	25.9960022
3666	26.36499023
3667	26.48901367
3668	26.48300171
3669	25.52200317
3670	25.27801514
3671	25.23300171
3672	25.5289917
3673	25.74398804
3674	26.23300171
3675	27.06500244
3676	27.03799438
3677	26.70800781
3678	25.59100342
3679	23.2789917
3680	22.65100098
3681	22.77398682
3682	23.71200562
3683	24.96600342
3684	25.89498901
3685	26.33200073
3686	26.52200317
3687	26.30099487
3688	23.81399536
3689	23.48098755
3690	23.36801147
3691	22.67300415
3692	23.94799805
3693	24.96899414
3694	24.95098877
3695	25.13000488
3696	25.14401245
3697	25.08200073
3698	24.57299805
3699	24.60501099
3700	24.65600586
3701	24.93899536
3702	25.26699829
3703	23.95800781
3704	24.51998901
3705	24.52700806
3706	25.19400024
3707	25.80200195
3708	25.84399414
3709	26.20700073
3710	26.125
3711	25.53799438
3712	25.37399292
3713	25.30899048
3714	25.9079895
3715	27.30899048
3716	27.21398926
3717	26.98300171
3718	26.60699463
3719	24.19799805
3720	23.79000854
3721	25.66900635
3722	26.4750061
3723	26.41799927
3724	25.88101196
3725	25.54598999
3726	25.66900635
3727	25.78399658
3728	25.87298584
3729	26.03201294
3730	26.24899292
3731	27.20901489
3732	27.95001221
3733	28.14001465
3734	28.07800293
3735	28.18099976
3736	28.07901001
3737	27.84399414
3738	27.94500732
3739	28.00601196
3740	27.41500854
3741	26.4750061
3742	26.14498901
3743	27.26998901
3744	27.54000854
3745	27.78100586
3746	28.46499634
3747	28.61099243
3748	27.53201294
3749	27.01000977
3750	27.02700806
3751	27.10800171
3752	27.58898926
3753	28.18301392
3754	27.67401123
3755	27.75299072
3756	28.1210022
3757	29.01800537
3758	29.17599487
3759	29.1539917
3760	28.95401001
3761	28.72299194
3762	28.44699097
3763	28.98400879
3764	29.12600708
3765	28.86999512
3766	28.63598633
3767	28.50299072
3768	28.58300781
3769	28.74200439
3770	29.10900879
3771	29.75
3772	28.65100098
3773	28.42498779
3774	28.42498779
3775	28.46499634
3776	28.20901489
3777	28.13400269
3778	28.82598877
3779	30.32598877
3780	30.33200073
3781	30.46899414
3782	30.3789978
3783	30.28900146
3784	30.23300171
3785	29.28399658
3786	29.01800537
3787	29.21200562
3788	29.55801392
3789	30.41000366
3790	30.5960083
3791	30.66900635
3792	30.37701416
3793	30.74099731
3794	31.05801392
3795	31.10101318
3796	31.00900269
3797	30.7829895
3798	30.56698608
3799	30.6499939
3800	30.55599976
3801	30.08300781
3802	29.88900757
3803	30.02600098
3804	29.27301025
3805	29.39001465
3806	29.47698975
3807	29.43200684
3808	29.86401367
3809	29.49099731
3810	29.52200317
3811	29.55499268
3812	29.64898682
3813	29.80899048
3814	29.96899414
3815	29.75500488
3816	29.4670105
3817	29.10299683
3818	29.18499756
3819	29.20199585
3820	30.19198608
3821	30.58300781
3822	30.54998779
3823	30.13299561
3824	29.68600464
3825	29.20800781
3826	29.45300293
3827	29.91900635
3828	29.89401245
3829	29.67800903
3830	29.78399658
3831	29.84701538
3832	30.13000488
3833	30.0920105
3834	30.31799316
3835	30.35101318
3836	30.30200195
3837	30.26901245
3838	30.42800903
3839	30.49200439
3840	30.33499146
3841	30.20401001
3842	30.04699707
3843	29.9750061
3844	29.60699463
3845	29.56298828
3846	29.17199707
3847	29.12298584
3848	29.77200317
3849	29.94198608
3850	29.96798706
3851	29.99899292
3852	30.01901245
3853	30.21398926
3854	30.25601196
3855	30.09298706
3856	30.54998779
3857	30.89599609
3858	31.09100342
3859	30.84701538
3860	30.59298706
3861	30.36099243
3862	29.72799683
3863	29.6789856
3864	29.58999634
3865	29.63699341
3866	30.51800537
3867	30.63900757
3868	30.43099976
3869	30.5880127
3870	30.68798828
3871	30.60800171
3872	30.64898682
3873	30.68399048
3874	30.65701294
3875	30.38900757
3876	29.50799561
3877	30.61599731
3878	30.92498779
3879	30.95300293
3880	30.75201416
3881	30.78601074
3882	30.94000244
3883	30.95999146
3884	30.96798706
3885	30.71099854
3886	31.1539917
3887	31.36700439
3888	31.50201416
3889	31.44198608
3890	31.10998535
3891	30.1289978
3892	29.94299316
3893	29.83999634
3894	29.91900635
3895	29.92999268
3896	29.81399536
3897	29.71798706
3898	29.73599243
3899	29.70800781
3900	29.85400391
3901	30.83599854
3902	31.23001099
3903	31.07501221
3904	30.97601318
3905	30.4630127
3906	30.20001221
3907	30.09899902
3908	30.5710144
3909	30.52200317
3910	30.35699463
3911	30.48999023
3912	30.75799561
3913	30.80801392
3914	30.38400269
3915	30.27398682
3916	30.29400635
3917	30.1789856
3918	29.82400513
3919	29.67498779
3920	29.74301147
3921	29.86898804
3922	30.06900024
3923	29.95901489
3924	30.00500488
3925	30.51501465
3926	30.73300171
3927	30.73498535
3928	30.45199585
3929	30.13699341
3930	29.90899658
3931	29.68899536
3932	29.41400146
3933	29.66500854
3934	29.52801514
3935	29.42800903
3936	29.2539978
3937	29.83898926
3938	29.75900269
3939	29.74200439
3940	29.71398926
3941	29.96899414
3942	29.79998779
3943	29.71200562
3944	29.57699585
3945	29.41400146
3946	29.46398926
3947	29.38400269
3948	29.52999878
3949	29.75698853
3950	29.7460022
3951	29.69699097
3952	29.33300781
3953	28.91900635
3954	28.87600708
3955	28.6579895
3956	28.38000488
3957	28.64700317
3958	28.91799927
3959	29.75100708
3960	29.79800415
3961	29.82501221
3962	29.95901489
3963	29.83898926
3964	29.79199219
3965	29.69198608
3966	29.71398926
3967	30.01901245
3968	30.07998657
3969	29.78201294
3970	29.29800415
3971	29.36999512
3972	29.32400513
3973	29.33898926
3974	29.52801514
3975	30.95401001
3976	30.85598755
3977	30.26800537
3978	30.15301514
3979	29.06698608
3980	28.46798706
3981	28.26800537
3982	28.23498535
3983	28.01400757
3984	27.87200928
3985	27.69799805
3986	27.65100098
3987	27.78601074
3988	27.74301147
3989	27.87799072
3990	27.36499023
3991	27.3999939
3992	27.35800171
3993	27.86801147
3994	28.65899658
3995	27.21798706
3996	27.78799438
3997	27.98599243
3998	28.60800171
3999	29.34701538
4000	29.49499512
4001	29.54901123
4002	29.4079895
4003	29.30200195
4004	28.58401489
4005	28.20901489
4006	28.17001343
4007	27.6000061
4008	27.73400879
4009	28.29299927
4010	28.67599487
4011	28.72601318
4012	29.1499939
4013	29.44299316
4014	29.5329895
4015	29.13800049
4016	28.97698975
4017	28.06201172
4018	27.81399536
4019	28.3420105
4020	28.18200684
4021	27.48498535
4022	27.09399414
4023	27.01400757
4024	27.63299561
4025	27.68899536
4026	27.76098633
4027	28.29901123
4028	27.91101074
4029	27.20999146
4030	27.52999878
4031	27.85598755
4032	28.03399658
4033	28.61898804
4034	28.41598511
4035	28.45901489
4036	28.51599121
4037	28.01098633
4038	27.4710083
4039	27.50698853
4040	26.9630127
4041	25.94100952
4042	25.76000977
4043	26.07998657
4044	26.86999512
4045	26.91799927
4046	26.21099854
4047	26.26000977
4048	27.18099976
4049	27.36401367
4050	27.64700317
4051	27.80499268
4052	27.48300171
4053	26.36801147
4054	26.77301025
4055	26.7170105
4056	26.53399658
4057	25.88800049
4058	25.86898804
4059	26.17401123
4060	26.14700317
4061	26.0369873
4062	26.13299561
4063	26.04800415
4064	26.38699341
4065	26.21499634
4066	24.75299072
4067	24.25698853
4068	24.82998657
4069	26.34799194
4070	27.74099731
4071	27.99099731
4072	28.04998779
4073	28.09100342
4074	26.20098877
4075	24.19900513
4076	23.88699341
4077	23.55599976
4078	24.76000977
4079	25.17498779
4080	26.08700562
4081	26.07199097
4082	26.09500122
4083	26.01098633
4084	26.83999634
4085	27.30899048
4086	27.42199707
4087	27.60299683
4088	28.14401245
4089	28.32000732
4090	28.7210083
4091	28.89801025
4092	29.1579895
4093	29.24200439
4094	29.11401367
4095	29.11099243
4096	29.06100464
4097	29.05999756
4098	27.06600952
4099	26.79299927
4100	26.73498535
4101	26.69500732
4102	26.35598755
4103	26.39498901
4104	27.80200195
4105	27.87600708
4106	27.92700195
4107	27.80899048
4108	27.2749939
4109	27.18899536
4110	26.98300171
4111	26.73999023
4112	26.64001465
4113	26.36898804
4114	26.88400269
4115	26.65499878
4116	26.3710022
4117	26.16400146
4118	26.0880127
4119	26.54699707
4120	27.61801147
4121	29.00299072
4122	29.50201416
4123	29.69299316
4124	29.55200195
4125	29.53100586
4126	29.67199707
4127	29.58499146
4128	29.49099731
4129	29.56900024
4130	29.63900757
4131	29.62600708
4132	29.86898804
4133	30.20999146
4134	30.01599121
4135	29.51098633
4136	29.7869873
4137	29.95901489
4138	29.64001465
4139	29.59298706
4140	29.55300903
4141	29.58599854
4142	29.43301392
4143	28.51098633
4144	28.70199585
4145	28.41000366
4146	27.86499023
4147	27.8380127
4148	28.30899048
4149	28.46600342
4150	29.79501343
4151	29.81900024
4152	29.76699829
4153	29.83300781
4154	29.73098755
4155	29.58499146
4156	29.54998779
4157	29.85699463
4158	29.80599976
4159	30.11898804
4160	30.33200073
4161	30.29299927
4162	30.14498901
4163	30.06900024
4164	30.13299561
4165	30.44100952
4166	30.57000732
4167	30.36401367
4168	30.35598755
4169	30.2789917
4170	30.17700195
4171	30.16598511
4172	30.5369873
4173	30.57598877
4174	30.5249939
4175	30.10699463
4176	30.07299805
4177	30.0920105
4178	30.02600098
4179	30.0710144
4180	29.9460144
4181	30.06298828
4182	29.50201416
4183	29.4670105
4184	30.16900635
4185	30.3710022
4186	30.53799438
4187	30.43099976
4188	30.0369873
4189	29.62799072
4190	29.7539978
4191	30.19299316
4192	30.31698608
4193	30.22000122
4194	29.8460083
4195	29.76000977
4196	29.65499878
4197	29.59399414
4198	29.30300903
4199	29.4710083
4200	29.68701172
4201	29.25299072
4202	29.30999756
4203	29.69100952
4204	30.27398682
4205	30.19198608
4206	30.18301392
4207	30.34899902
4208	30.43399048
4209	30.28900146
4210	30.00299072
4211	29.94100952
4212	29.6000061
4213	29.57000732
4214	29.66900635
4215	29.86999512
4216	29.76000977
4217	29.76000977
4218	29.61099243
4219	29.47900391
4220	29.12799072
4221	29.80599976
4222	29.99499512
4223	30.34799194
4224	30.33599854
4225	30.22799683
4226	30.1579895
4227	30.05700684
4228	30.09899902
4229	30.26400757
4230	30.27200317
4231	29.92599487
4232	29.71899414
4233	29.76501465
4234	29.84399414
4235	29.92800903
4236	30.05200195
4237	30.09799194
4238	30.43899536
4239	29.63800049
4240	29.46499634
4241	29.43200684
4242	29.49899292
4243	29.63500977
4244	30.65301514
4245	30.64401245
4246	30.79598999
4247	30.6789856
4248	30.41500854
4249	30.35299683
4250	30.09399414
4251	30.0539856
4252	30.11401367
4253	30.31201172
4254	30.43899536
4255	30.37298584
4256	30.18899536
4257	29.97601318
4258	29.95498657
4259	29.76998901
4260	29.97299194
4261	30.25601196
4262	30.26300049
4263	30.43701172
4264	31.38101196
4265	29.6960144
4266	29.32199097
4267	29.30300903
4268	29.37600708
4269	29.42999268
4270	29.51699829
4271	29.47000122
4272	29.29098511
4273	29.47601318
4274	29.38500977
4275	29.38900757
4276	29.4460144
4277	29.51199341
4278	29.76400757
4279	29.48199463
4280	29.74099731
4281	30.25799561
4282	30.31100464
4283	30.29998779
4284	29.63000488
4285	29.65899658
4286	29.66900635
4287	29.64199829
4288	29.84500122
4289	29.70498657
4290	30.14099121
4291	30.33099365
4292	30.66699219
4293	30.63198853
4294	30.17098999
4295	29.81600952
4296	29.73498535
4297	29.75799561
4298	29.73599243
4299	30.01699829
4300	30.10998535
4301	30.29098511
4302	29.89498901
4303	29.47399902
4304	29.15899658
4305	29.04199219
4306	28.99099731
4307	28.97900391
4308	28.99798584
4309	29.11801147
4310	29.24301147
4311	29.49700928
4312	29.2789917
4313	28.93701172
4314	28.79901123
4315	28.81698608
4316	27.51400757
4317	26.66000366
4318	26.40701294
4319	27.29098511
4320	27.85598755
4321	28.90600586
4322	29.67199707
4323	29.65100098
4324	29.63699341
4325	28.60101318
4326	27.9039917
4327	27.81799316
4328	27.78100586
4329	27.47000122
4330	27.31600952
4331	27.20700073
4332	26.84701538
4333	26.9750061
4334	27.22900391
4335	28.54000854
4336	29.13699341
4337	29.09899902
4338	28.87200928
4339	28.29598999
4340	27.94500732
4341	27.73699951
4342	27.79998779
4343	27.51098633
4344	27.35198975
4345	27.39001465
4346	26.19799805
4347	25.53100586
4348	24.18499756
4349	23.22900391
4350	27.49700928
4351	27.61801147
4352	29.45599365
4353	29.3500061
4354	29.09799194
4355	29.19699097
4356	29.27200317
4357	29.29998779
4358	29.06600952
4359	29.16500854
4360	29.44799805
4361	29.30999756
4362	28.60198975
4363	28.52099609
4364	28.63900757
4365	27.64401245
4366	27.49099731
4367	27.1499939
4368	27.77801514
4369	28.65301514
4370	29.01199341
4371	28.90499878
4372	28.86099243
4373	26.17800903
4374	23.73400879
4375	24.4460144
4376	25.70599365
4377	26.00100708
4378	26.25900269
4379	26.04901123
4380	25.80499268
4381	24.48498535
4382	24.13198853
4383	23.89300537
4384	23.85299683
4385	26.85699463
4386	27.01800537
4387	27.50100708
4388	28.71398926
4389	28.84298706
4390	28.82199097
4391	28.89001465
4392	29.02398682
4393	25.98699951
4394	26.33099365
4395	24.86801147
4396	24.83700562
4397	24.92001343
4398	26.46499634
4399	27.14099121
4400	27.68899536
4401	27.81399536
4402	28.18099976
4403	28.51998901
4404	28.5
4405	28.19500732
4406	27.94799805
4407	27.01098633
4408	27.22201538
4409	27.33200073
4410	27.36599731
4411	27.09500122
4412	26.73800659
4413	26.57400513
4414	25.51300049
4415	24.83200073
4416	24.70098877
4417	24.70098877
4418	24.37701416
4419	24.08099365
4420	24.23199463
4421	25.83599854
4422	27.04299927
4423	27.08200073
4424	26.78900146
4425	25.94699097
4426	26.26400757
4427	26.54998779
4428	27.27301025
4429	27.9289856
4430	27.9039917
4431	27.68099976
4432	27.46798706
4433	27.53399658
4434	26.88900757
4435	26.44500732
4436	26.74099731
4437	27.33200073
4438	27
4439	26.64700317
4440	26.92999268
4441	26.72601318
4442	26.7170105
4443	26.67498779
4444	26.75500488
4445	26.61999512
4446	25.81100464
4447	26.08099365
4448	26.04199219
4449	25.88000488
4450	25.79000854
4451	25.24398804
4452	24.5920105
4453	25.13900757
4454	26.73001099
4455	26.86898804
4456	26.77801514
4457	26.13101196
4458	25.30899048
4459	24.58999634
4460	24.33499146
4461	23.91598511
4462	23.74700928
4463	23.34500122
4464	24.68200684
4465	25.47198486
4466	26.72201538
4467	27.40301514
4468	27.42199707
4469	27.2749939
4470	27.38000488
4471	27.58999634
4472	27.46200562
4473	27.6619873
4474	27.7829895
4475	27.43701172
4476	27.39599609
4477	27.29000854
4478	27.25299072
4479	27.38500977
4480	27.39599609
4481	27.35598755
4482	27.39801025
4483	27.06399536
4484	27.00500488
4485	26.63198853
4486	25.74398804
4487	25.29998779
4488	25.91598511
4489	26.45700073
4490	27.65899658
4491	28.29800415
4492	28.28900146
4493	28.21798706
4494	28.2749939
4495	28.7460022
4496	28.91101074
4497	28.92498779
4498	28.74899292
4499	29.12600708
4500	29.03799438
4501	29.01400757
4502	28.75
4503	28.57800293
4504	28.55700684
4505	28.6579895
4506	28.91000366
4507	29.0710144
4508	29.125
4509	29.18399048
4510	28.19000244
4511	28.14599609
4512	28.14898682
4513	28.16799927
4514	27.84899902
4515	29.51998901
4516	29.38101196
4517	29.13000488
4518	29.30700684
4519	29.51699829
4520	29.74398804
4521	30.00201416
4522	30.07299805
4523	30.02999878
4524	29.84500122
4525	29.74398804
4526	29.92098999
4527	30.61801147
4528	30.85800171
4529	30.86300659
4530	30.76901245
4531	30.50799561
4532	30.04598999
4533	29.86700439
4534	29.08200073
4535	29.2539978
4536	29.24499512
4537	30.13299561
4538	30.45901489
4539	30.4079895
4540	30.04598999
4541	30.13598633
4542	30.1539917
4543	30.22601318
4544	29.97000122
4545	29.94699097
4546	29.48498535
4547	29.2170105
4548	29.19198608
4549	29.4710083
4550	29.60598755
4551	29.57299805
4552	29.4670105
4553	30.3500061
4554	30.36099243
4555	30.29400635
4556	30.35699463
4557	30.20401001
4558	30.07699585
4559	30.05200195
4560	30.04299927
4561	30.07800293
4562	30.05200195
4563	30.91900635
4564	30.89099121
4565	30.78399658
4566	30.82901001
4567	30.69000244
4568	30.45599365
4569	30.54998779
4570	30.16900635
4571	29.75500488
4572	30.0369873
4573	29.72601318
4574	29.86300659
4575	30.20700073
4576	30.08700562
4577	30.05499268
4578	29.72201538
4579	29.9630127
4580	29.84899902
4581	29.70401001
4582	29.70800781
4583	29.9289856
4584	30.00799561
4585	30.07400513
4586	29.92098999
4587	29.66799927
4588	29.49899292
4589	29.49499512
4590	29.32299805
4591	29.29400635
4592	29.29998779
4593	29.87298584
4594	30.13299561
4595	30.29699707
4596	30.23901367
4597	31.05099487
4598	30.81600952
4599	30.76800537
4600	30.65200806
4601	30.3210144
4602	30.1960144
4603	30.25500488
4604	30.13500977
4605	29.95199585
4606	29.83599854
4607	29.76400757
4608	29.7539978
4609	29.85800171
4610	29.69900513
4611	29.75601196
4612	30.5
4613	29.86801147
4614	29.61199951
4615	29.54598999
4616	29.69100952
4617	30.02301025
4618	30.6000061
4619	30.46398926
4620	30.40600586
4621	30.32800293
4622	30.50299072
4623	30.56399536
4624	30.68600464
4625	30.71600342
4626	30.70498657
4627	30.7130127
4628	31.11898804
4629	30.9710083
4630	30.68200684
4631	30.4039917
4632	30.04699707
4633	29.93899536
4634	30.05599976
4635	30.29000854
4636	30.33599854
4637	30.2869873
4638	30.31399536
4639	29.71899414
4640	30.36499023
4641	30.35400391
4642	30.40301514
4643	30.44198608
4644	30.53201294
4645	30.6619873
4646	31.06698608
4647	31.59399414
4648	31.71600342
4649	31.12298584
4650	31.48400879
4651	30.80300903
4652	31.46899414
4653	29.79098511
4654	29.81201172
4655	29.79098511
4656	30.10900879
4657	29.79098511
4658	29.18200684
4659	29.01300049
4660	29.23599243
4661	29.94400024
4662	29.81201172
4663	30.05599976
4664	29.88598633
4665	29.94900513
4666	29.70599365
4667	30.01599121
4668	29.98599243
4669	29.93399048
4670	29.85101318
4671	29.33300781
4672	29.1499939
4673	28.80499268
4674	29.18099976
4675	29.41699219
4676	30.17599487
4677	30.08700562
4678	29.69000244
4679	29.01000977
4680	26.49899292
4681	24.8039856
4682	24.44000244
4683	24.31100464
4684	26.50698853
4685	28.65499878
4686	28.53601074
4687	28.67401123
4688	28.98300171
4689	29.74798584
4690	29.56201172
4691	29.43798828
4692	28.6789856
4693	28.46398926
4694	28.30200195
4695	27.55801392
4696	27.26098633
4697	27.21899414
4698	26.16598511
4699	25.54000854
4700	25.53399658
4701	25.43399048
4702	24.8039856
4703	25.22198486
4704	26.70999146
4705	27.18200684
4706	27.20098877
4707	26.91699219
4708	26.65701294
4709	26.13598633
4710	25.67498779
4711	25.55899048
4712	25.28399658
4713	25.01998901
4714	24.27700806
4715	24.16799927
4716	23.92401123
4717	24.01998901
4718	25.00900269
4719	25.96798706
4720	26.44500732
4721	26.07501221
4722	26.51901245
4723	26.39199829
4724	26.23699951
4725	25.99798584
4726	25.70300293
4727	25.37298584
4728	24.23800659
4729	22.88400269
4730	21.81100464
4731	24.52099609
4732	24.81698608
4733	24.7789917
4734	24.66000366
4735	24.60900879
4736	24.72198486
4737	26.44100952
4738	26.60501099
4739	26.79998779
4740	26.74099731
4741	26.15899658
4742	24.11801147
4743	24.04501343
4744	23.91900635
4745	23.76599121
4746	23.92800903
4747	24.5960083
4748	24.5960083
4749	24.71600342
4750	24.58401489
4751	24.23800659
4752	22.55499268
4753	23.19699097
4754	23.35101318
4755	23.67800903
4756	24.625
4757	24.37799072
4758	24.32598877
4759	25.32299805
4760	24.40899658
4761	24.26000977
4762	24.09899902
4763	22.58300781
4764	22.31600952
4765	22.11099243
4766	22.38699341
4767	25.5
4768	26.0920105
4769	25.74301147
4770	24.80499268
4771	24.41598511
4772	23.86499023
4773	23.14599609
4774	22.82400513
4775	21.5880127
4776	22.86599731
4777	25.69900513
4778	25.71200562
4779	25.16101074
4780	24.81500244
4781	25.30599976
4782	25.48098755
4783	25.36499023
4784	26.42800903
4785	26.68899536
4786	26.84701538
4787	27.29800415
4788	27.16299438
4789	26
4790	26.10998535
4791	26.26300049
4792	24.69100952
4793	24.64898682
4794	24.52398682
4795	24.63598633
4796	24.83499146
4797	25.61898804
4798	25.58401489
4799	26.63500977
4800	27.23498535
4801	27.2250061
4802	27.0289917
4803	26.87799072
4804	26.97399902
4805	27.67001343
4806	27.74798584
4807	27.60998535
4808	27.66400146
4809	27.58999634
4810	26.89199829
4811	26.75799561
4812	26.43499756
4813	26.25698853
4814	25.98699951
4815	25.42401123
4816	25.13598633
4817	25.13000488
4818	26.01699829
4819	26.53900146
4820	26.88000488
4821	27.37701416
4822	27.47601318
4823	28.02700806
4824	27.97601318
4825	27.64099121
4826	28.0249939
4827	28.33200073
4828	27.42700195
4829	26.04199219
4830	27.27301025
4831	27.66400146
4832	27.86401367
4833	27.88400269
4834	28.42199707
4835	28.83499146
4836	29.45199585
4837	29.79800415
4838	28.70199585
4839	25.79598999
4840	25.70999146
4841	26.26300049
4842	26.5039978
4843	28.46398926
4844	28.79000854
4845	29.04098511
4846	29.47601318
4847	29.29598999
4848	28.93399048
4849	29.8789978
4850	28.82800293
4851	27.29501343
4852	27.06600952
4853	27.03900146
4854	26.31201172
4855	26.25698853
4856	25.38500977
4857	25.2460022
4858	24.85299683
4859	24.72799683
4860	25.19799805
4861	25.42199707
4862	26.875
4863	28.3380127
4864	28.54299927
4865	28.84899902
4866	28.2539978
4867	27.24398804
4868	27.15301514
4869	27.37298584
4870	28.73800659
4871	28.86199951
4872	29.08099365
4873	29.12200928
4874	29.09899902
4875	28.65100098
4876	26.8420105
4877	26.96899414
4878	28.96398926
4879	29.82998657
4880	29.95498657
4881	29.61099243
4882	29.46798706
4883	30.0880127
4884	30.32598877
4885	30.47000122
4886	30.4710083
4887	29.90100098
4888	30.15899658
4889	31.12701416
4890	31.15701294
4891	30.91500854
4892	30.2749939
4893	30.82901001
4894	30.58200073
4895	30.50201416
4896	30.23001099
4897	30.25
4898	31.0329895
4899	31.10800171
4900	31.04199219
4901	30.86199951
4902	30.77200317
4903	31.01699829
4904	31.00201416
4905	30.91598511
4906	31.03100586
4907	31.06600952
4908	29.47201538
4909	30.78399658
4910	30.28100586
4911	30.78601074
4912	29.91299438
4913	29.96099854
4914	30.0369873
4915	30.32998657
4916	30.33499146
4917	30.07000732
4918	30.0289917
4919	29.97399902
4920	29.93099976
4921	29.94699097
4922	30.10299683
4923	30.0289917
4924	30.3460083
4925	30.2539978
4926	30.11599731
4927	29.78100586
4928	29.97299194
4929	30.11401367
4930	29.43798828
4931	29.14599609
4932	30.5
4933	30.60198975
4934	29.94198608
4935	29.74899292
4936	29.60699463
4937	29.80899048
4938	29.78201294
4939	29.27700806
4940	28.59399414
4941	28.30599976
4942	28.7539978
4943	28.84799194
4944	30.01098633
4945	29.55099487
4946	29.19400024
4947	29.05801392
4948	29.22601318
4949	30.12600708
4950	29.71200562
4951	29.94299316
4952	30.02301025
4953	29.95999146
4954	29.56201172
4955	30.06399536
4956	30.24398804
4957	30.33499146
4958	30.29901123
4959	30.04598999
4960	29.51501465
4961	29.76599121
4962	29.8460083
4963	29.85900879
4964	29.62701416
4965	29.63598633
4966	29.76998901
4967	29.99899292
4968	30.02999878
4969	30.13900757
4970	29.5249939
4971	29.30999756
4972	29.58099365
4973	29.82299805
4974	29.14700317
4975	31.20800781
4976	31.07400513
4977	31.07000732
4978	29.98098755
4979	29.99398804
4980	30.12200928
4981	29.92498779
4982	30.00900269
4983	29.87701416
4984	29.91000366
4985	29.64300537
4986	29.39898682
4987	29.68499756
4988	29.89001465
4989	29.58300781
4990	29.57299805
4991	29.71099854
4992	29.70498657
4993	29.60998535
4994	29.94699097
4995	30.23098755
4996	30.22299194
4997	30.18798828
4998	30.8500061
4999	29.95098877
5000	29.93301392
5001	29.89300537
5002	30.04199219
5003	30.33300781
5004	30.42700195
5005	30.65100098
5006	30.21099854
5007	30.13800049
5008	30.82800293
5009	30.56201172
5010	30.64199829
5011	30.66000366
5012	30.32699585
5013	30.23098755
5014	30.04501343
5015	29.89001465
5016	29.97601318
5017	29.73800659
5018	29.72399902
5019	29.7789917
5020	29.1960144
5021	29.39099121
5022	29.69799805
5023	30.02200317
5024	29.83499146
5025	29.59899902
5026	29.63500977
5027	28.98098755
5028	28.9079895
5029	28.99700928
5030	29.57199097
5031	29.59100342
5032	29.57800293
5033	29.41699219
5034	29.39898682
5035	29.1619873
5036	29.12200928
5037	29.25299072
5038	29.24499512
5039	29.42999268
5040	29.28900146
5041	29.04000854
5042	28.92999268
5043	29.14801025
5044	28.89199829
5045	28.42700195
5046	28.60198975
5047	28.72201538
5048	28.78799438
5049	28.43899536
5050	28.07598877
5051	29.00201416
5052	29.14700317
5053	28.85598755
5054	28.97601318
5055	28.89099121
5056	29.37701416
5057	29.46798706
5058	28.9710083
5059	28.97900391
5060	29.56900024
5061	29.4079895
5062	29.58999634
5063	28.98498535
5064	28.53500366
5065	28.58898926
5066	28.48098755
5067	27.64700317
5068	25.83499146
5069	25.43798828
5070	25.79000854
5071	24.97698975
5072	24.90600586
5073	25.96200562
5074	25.69100952
5075	25.98999023
5076	27.28100586
5077	27.62399292
5078	28.1539917
5079	28.29199219
5080	28.42199707
5081	27.35299683
5082	27.42999268
5083	27.10598755
5084	28.19000244
5085	28.54400635
5086	28.57901001
5087	29.08999634
5088	28.82400513
5089	28.04800415
5090	27.53201294
5091	27.86199951
5092	27.99099731
5093	27.61499023
5094	27.38800049
5095	26.46398926
5096	26.38000488
5097	27.50601196
5098	27.06900024
5099	26.94500732
5100	26.00601196
5101	26.13400269
5102	26.45401001
5103	26.72799683
5104	26.34298706
5105	26.25799561
5106	26.18099976
5107	25.72799683
5108	25.29400635
5109	27.30801392
5110	27.17300415
5111	28.22000122
5112	28.18301392
5113	28.11499023
