1,24.08699989
2,24.3239994
3,22.72100067
4,22.50399971
5,22.7140007
6,22.88699913
7,22.96500015
8,23.15699959
9,23.42099953
10,23.49900055
11,23.0510006
12,22.86700058
13,22.8579998
14,22.81500053
15,23.2329998
16,23.08600044
17,23.07799911
18,23.24799919
19,23.70000076
20,23.87899971
21,23.97900009
22,24.0189991
23,24.04100037
24,24.375
25,24.69499969
26,24.78899956
27,24.7140007
28,23.82999992
29,23.43000031
30,23.3939991
31,22.73200035
32,22.66600037
33,22.86800003
34,23.10899925
35,23.36800003
36,23.55999947
37,23.78800011
38,23.40099907
39,23.43700027
40,23.60000038
41,23.63899994
42,23.63500023
43,23.01000023
44,22.57799911
45,22.4829998
46,22.56999969
47,22.70899963
48,24.07600021
49,24.56200027
50,23.11599922
51,22.75099945
52,22.58600044
53,23.3939991
54,23.62100029
55,23.86000061
56,23.2159996
57,23.08499908
58,23.03899956
59,23.38599968
60,24.11000061
61,24.25699997
62,24.37700081
63,24.77499962
64,23.57600021
65,23.24200058
66,23.3010006
67,23.42900085
68,23.70700073
69,23.91200066
70,24.16500092
71,24.03700066
72,24.09199905
73,24.88699913
74,25.25900078
75,25.20999908
76,25.11400032
77,25.16799927
78,25.34000015
79,25.11899948
80,25.25300026
81,25.9090004
82,25.84600067
83,24.54700089
84,25.13800049
85,25.63100052
86,25.90800095
87,26.1079998
88,26.13199997
89,26.15699959
90,26.21899986
91,26.55699921
92,26.21699905
93,25.9829998
94,25.9659996
95,25.94300079
96,25.9090004
97,25.94099998
98,26.30400085
99,26.21699905
100,26.20400047
101,26.1439991
102,26.27000046
103,26.20800018
104,26.7140007
105,27.09700012
106,27.31999969
107,27.24600029
108,27.18300056
109,26.00900078
110,26.06599998
111,26.02400017
112,26.11499977
113,25.92200089
114,26.12599945
115,26.42399979
116,26.51199913
117,26.79400063
118,26.7140007
119,26.44099998
120,26.52700043
121,26.67900085
122,26.70700073
123,26.6760006
124,27.4279995
125,27.53300095
126,27.64299965
127,27.75399971
128,27.75099945
129,27.77000046
130,27.87199974
131,28.02899933
132,27.92000008
133,27.95599937
134,27.72699928
135,26.86000061
136,26.93499947
137,26.96999931
138,26.75699997
139,26.85099983
140,27.12999916
141,27.48600006
142,27.23999977
143,27.24500084
144,27.29700089
145,27.43400002
146,27.93300056
147,27.98200035
148,28.37999916
149,28.5909996
150,28.56800079
151,28.82900047
152,28.49200058
153,28.04100037
154,28.29500008
155,28.46100044
156,28.89800072
157,29.08200073
158,28.71800041
159,28.64599991
160,28.71999931
161,28.7329998
162,29.03199959
163,29.02899933
164,28.80699921
165,29.10899925
166,29.16399956
167,29.13400078
168,29.10400009
169,28.12999916
170,28.06800079
171,28.04800034
172,28.13699913
173,28.4640007
174,28.8010006
175,28.84700012
176,28.83799934
177,28.79100037
178,28.82999992
179,29.65999985
180,30.00799942
181,29.90500069
182,29.88400078
183,30.01399994
184,29.87800026
185,30.02799988
186,29.47900009
187,29.49900055
188,29.3939991
189,29.12599945
190,28.96999931
191,29.33200073
192,29.47400093
193,29.48900032
194,29.4090004
195,29.22100067
196,28.74799919
197,29.20299911
198,29.46100044
199,29.54999924
200,29.47599983
201,28.77199936
202,28.7840004
203,28.83300018
204,28.70899963
205,28.56999969
206,29.3939991
207,29.44300079
208,29.57999992
209,29.8920002
210,28.98900032
211,28.5739994
212,28.48999977
213,29.06399918
214,29.73800087
215,29.97599983
216,29.95999908
217,30.02599907
218,29.85700035
219,30.05699921
220,30.20299911
221,30.11400032
222,30.05900002
223,30.00399971
224,30.35300064
225,30.52400017
226,29.81699944
227,29.37599945
228,29.60099983
229,29.72800064
230,29.62000084
231,29.3560009
232,28.96199989
233,29.01300049
234,28.86400032
235,28.59399986
236,28.625
237,28.73999977
238,29.04400063
239,29.02000046
240,29.03899956
241,29.60300064
242,29.67900085
243,29.62599945
244,29.60899925
245,29.87000084
246,29.9470005
247,29.93700027
248,30.50499916
249,30.62599945
250,30.14100075
251,29.6970005
252,29.6420002
253,29.64299965
254,29.71299934
255,30.41699982
256,30.03899956
257,29.75
258,29.56599998
259,29.15800095
260,29.32999992
261,29.49799919
262,29.36000061
263,29.43199921
264,29.85199928
265,29.87599945
266,29.81200027
267,29.77099991
268,29.11000061
269,28.96100044
270,28.9279995
271,29.02599907
272,29.13299942
273,29.41200066
274,29.58099937
275,29.4829998
276,29.16600037
277,29.07799911
278,28.97400093
279,28.61400032
280,28.5189991
281,28.48900032
282,28.46299934
283,28.79800034
284,28.8939991
285,28.79899979
286,28.8560009
287,28.34199905
288,28.49600029
289,28.74300003
290,28.4279995
291,28.30900002
292,28.42099953
293,28.61100006
294,28.63400078
295,28.88699913
296,28.96100044
297,29.19199944
298,28.91600037
299,28.71899986
300,28.85099983
301,29.0510006
302,28.91399956
303,28.62199974
304,27.72299957
305,27.54199982
306,27.58799934
307,27.62899971
308,27.87899971
309,27.75600052
310,27.14999962
311,26.87999916
312,26.91900063
313,27.2159996
314,27.15500069
315,27.13400078
316,27.16699982
317,27.21899986
318,27.18000031
319,26.56599998
320,26.29199982
321,26.24099922
322,26.29100037
323,26.60700035
324,26.87800026
325,26.92399979
326,26.8239994
327,26.53800011
328,25.85099983
329,25.80400085
330,25.5359993
331,25.54500008
332,25.43899918
333,25.67099953
334,25.73800087
335,25.71100044
336,25.80999947
337,25.76799965
338,25.71500015
339,25.81399918
340,25.92700005
341,26.12700081
342,26.14699936
343,25.88999939
344,26.08499908
345,26.30800056
346,26.29599953
347,26.06200027
348,25.48600006
349,25.51799965
350,25.6439991
351,25.77400017
352,25.81399918
353,25.2840004
354,25.34300041
355,25.15800095
356,24.94799995
357,24.89299965
358,24.95299911
359,25.06500053
360,25.22999954
361,25.0909996
362,24.68099976
363,24.62999916
364,24.93000031
365,24.90699959
366,24.4090004
367,24.52599907
368,24.66200066
369,24.64500046
370,24.23900032
371,23.22800064
372,23.21500015
373,23.21699905
374,23.16500092
375,23.3220005
376,23.34600067
377,23.76799965
378,24.01099968
379,24.06100082
380,24.12100029
381,23.8920002
382,23.81100082
383,23.44400024
384,23.26399994
385,23.36899948
386,23.13500023
387,22.79999924
388,23.4810009
389,23.27400017
390,23.24900055
391,23.42900085
392,23.38599968
393,23.26300049
394,23.36400032
395,23.36300087
396,23.92399979
397,24.18199921
398,24.23600006
399,23.67499924
400,23.7140007
401,23.36599922
402,23.41699982
403,23.74399948
404,24.07099915
405,24.13699913
406,24.42300034
407,25.18300056
408,25.26600075
409,25.09399986
410,25.29299927
411,25.20199966
412,25.0359993
413,23.63400078
414,23.74699974
415,24.09000015
416,24.15500069
417,24.23999977
418,24.50099945
419,24.7840004
420,24.81599998
421,24.99200058
422,25.04800034
423,25.0170002
424,24.9659996
425,25.18300056
426,23.63400078
427,23.5890007
428,23.6439991
429,23.66500092
430,23.67700005
431,23.53199959
432,23.16399956
433,23.03700066
434,23.23600006
435,23.7329998
436,23.87800026
437,23.99799919
438,23.74500084
439,24.28499985
440,24.35199928
441,24.40500069
442,24.32900047
443,24.40699959
444,24.63599968
445,24.81299973
446,24.62800026
447,24.75300026
448,24.89299965
449,25.30500031
450,25.28899956
451,25.06599998
452,23.96199989
453,24.19000053
454,24.46800041
455,24.63199997
456,24.89800072
457,25.04800034
458,25.08300018
459,25.76499939
460,25.68799973
461,24.38299942
462,24.375
463,24.78499985
464,24.8409996
465,24.9109993
466,26.01399994
467,25.96500015
468,25.88400078
469,25.15699959
470,25.15699959
471,25.40999985
472,26.00699997
473,26.39100075
474,26.5720005
475,26.56599998
476,26.15600014
477,23.91900063
478,24.14800072
479,24.2859993
480,24.20100021
481,24.17099953
482,24.74799919
483,24.80599976
484,25.81299973
485,26.20400047
486,26.11000061
487,26.39999962
488,26.63199997
489,26.64900017
490,24.46699905
491,24.61599922
492,24.68000031
493,24.70700073
494,24.73500061
495,24.78700066
496,25.57299995
497,25.85499954
498,25.83600044
499,25.81699944
500,25.74699974
501,25.74399948
502,25.92900085
503,26.37800026
504,26.67900085
505,27.66200066
506,27.74900055
507,27.80400085
508,28.02000046
509,28.04899979
510,27.67000008
511,27.53199959
512,27.78800011
513,27.63299942
514,27.27400017
515,27.17300034
516,27.38299942
517,27.41600037
518,27.27599907
519,27.15999985
520,27.75399971
521,28.20899963
522,28.34000015
523,28.63999939
524,28.66399956
525,28.58200073
526,28.40200043
527,28.95999908
528,28.83499908
529,29.16500092
530,29.11000061
531,29.14599991
532,29.31100082
533,29.12199974
534,28.6970005
535,28.63599968
536,28.6760006
537,28.43600082
538,26.60099983
539,26.69300079
540,26.88400078
541,28.21199989
542,28.62800026
543,28.64299965
544,28.82799911
545,29.4279995
546,29.35700035
547,29.31399918
548,29.16500092
549,28.96199989
550,28.78700066
551,28.65800095
552,28.70599937
553,28.56500053
554,28.59900093
555,28.47100067
556,28.47900009
557,28.61700058
558,29.15099907
559,29.13500023
560,29.32500076
561,29.47999954
562,29.59399986
563,29.70999908
564,30.26099968
565,28.86800003
566,28.93799973
567,30.11300087
568,30.55900002
569,30.58600044
570,29.93199921
571,29.12299919
572,29.46100044
573,29.57799911
574,29.69499969
575,29.68099976
576,29.12400055
577,28.89900017
578,29.15999985
579,29.24799919
580,28.87999916
581,29.02300072
582,29.09900093
583,28.80400085
584,27.96500015
585,27.83799934
586,27.96800041
587,27.8390007
588,27.87199974
589,28.07699966
590,28.72900009
591,28.49200058
592,28.59300041
593,29.0189991
594,29.95800018
595,29.97400093
596,29.92300034
597,29.93199921
598,29.49799919
599,29.12299919
600,29.1590004
601,29.17399979
602,29.14599991
603,29.17300034
604,29.26300049
605,29.44300079
606,29.29299927
607,29.19499969
608,29.24200058
609,29.26199913
610,29.01600075
611,29.89800072
612,29.625
613,28.27300072
614,28.24699974
615,28.40500069
616,28.4279995
617,28.44000053
618,30.55699921
619,28.81100082
620,28.26000023
621,27.96299934
622,28.17499924
623,28.22699928
624,27.89100075
625,28.13800049
626,28.14599991
627,28.14500046
628,28.33799934
629,28.50499916
630,28.56900024
631,28.38299942
632,28.25300026
633,28.29299927
634,28.54899979
635,29.1060009
636,29.42700005
637,29.34600067
638,29.30599976
639,29.34499931
640,29.20400047
641,29.00799942
642,28.90299988
643,29.46299934
644,29.69599915
645,29.67200089
646,29.73699951
647,29.21500015
648,27.97500038
649,27.875
650,27.89500046
651,28.01600075
652,28.3939991
653,28.53899956
654,28.75600052
655,29.06100082
656,29.21299934
657,28.75600052
658,28.84499931
659,28.78700066
660,28.72800064
661,28.85700035
662,29.36199951
663,28.65699959
664,28.27599907
665,27.52199936
666,27.375
667,27.46899986
668,27.62599945
669,28.28300095
670,28.74600029
671,28.80599976
672,28.59799957
673,28.47299957
674,27.25600052
675,27.46899986
676,27.64699936
677,27.51799965
678,27.53300095
679,27.40999985
680,27.02400017
681,27.08099937
682,27.06200027
683,26.61400032
684,26.33499908
685,26.12100029
686,25.89800072
687,25.70700073
688,25.79700089
689,25.9810009
690,26.61400032
691,26.88100052
692,26.63999939
693,26.13299942
694,25.47299957
695,25.41699982
696,25.4470005
697,25.12100029
698,24.37800026
699,24.20400047
700,24.20499992
701,24.19300079
702,24.17000008
703,24.3579998
704,24.61499977
705,25.07500076
706,24.98200035
707,24.79999924
708,24.41500092
709,24.1609993
710,24.11599922
711,24.02899933
712,24.0340004
713,23.94099998
714,23.88800049
715,23.87800026
716,23.7670002
717,23.20700073
718,22.70000076
719,22.86300087
720,22.84499931
721,23.24399948
722,23.92499924
723,23.75099945
724,23.38500023
725,23.19099998
726,23.47299957
727,22.42300034
728,22.52099991
729,22.45999908
730,22.25099945
731,22.21800041
732,21.86899948
733,21.89999962
734,22.16200066
735,22.2140007
736,22.08699989
737,22.1420002
738,22.42300034
739,22.71999931
740,22.39599991
741,21.8220005
742,21.76000023
743,22.16500092
744,22.3010006
745,22.3560009
746,22.12400055
747,22.20199966
748,22.31999969
749,22.26499939
750,22.09199905
751,22.01300049
752,22.0890007
753,22.27799988
754,22.21899986
755,22.26799965
756,21.97800064
757,21.77499962
758,21.97900009
759,22.14299965
760,22.16399956
761,21.06299973
762,21.11300087
763,21.40299988
764,21.60099983
765,21.72200012
766,22.02700043
767,22.10499954
768,22.19400024
769,20.97999954
770,20.71800041
771,20.76099968
772,21.23500061
773,21.74799919
774,21.88999939
775,21.75399971
776,21.58699989
777,21.67200089
778,22.46299934
779,23.10099983
780,23.04500008
781,22.92200089
782,23.21899986
783,23.4260006
784,23.26399994
785,23.26099968
786,23.8220005
787,24.06200027
788,24.2140007
789,24.01300049
790,23.60400009
791,23.43899918
792,23.51600075
793,23.54299927
794,23.59700012
795,22.83600044
796,22.04199982
797,22.12899971
798,22.30400085
799,22.38500023
800,22.52599907
801,22.65699959
802,22.70899963
803,22.6590004
804,22.58300018
805,22.67399979
806,22.59399986
807,21.95100021
808,22.10199928
809,22.10099983
810,22.7859993
811,24.09000015
812,24.59000015
813,24.90500069
814,25.24300003
815,25.26099968
816,25.21899986
817,25.22599983
818,25.19000053
819,25.90600014
820,25.30500031
821,24.96299934
822,25.46500015
823,25.72200012
824,25.92700005
825,26.60400009
826,26.53700066
827,25.79800034
828,25.76099968
829,25.14900017
830,24.85899925
831,24.54000092
832,24.47999954
833,24.7689991
834,25.07900047
835,25.86899948
836,26.00300026
837,25.27700043
838,23.07900047
839,23.15600014
840,23.17200089
841,23.63100052
842,24.06299973
843,24.02700043
844,24.08200073
845,24.54400063
846,26.14100075
847,26.81399918
848,27.04500008
849,27.20899963
850,27.59900093
851,27.74399948
852,27.36100006
853,25.33300018
854,24.54999924
855,24.52400017
856,24.5359993
857,25.33600044
858,25.49699974
859,25.51099968
860,25.56900024
861,25.82999992
862,26.62000084
863,26.47699928
864,26.43499947
865,26.40500069
866,24.99900055
867,25.04800034
868,25.12599945
869,25.28300095
870,25.5890007
871,25.84700012
872,25.9109993
873,26.00900078
874,26.45000076
875,26.95499992
876,27.54800034
877,27.08300018
878,27.17900085
879,27.2159996
880,28.56100082
881,28.89699936
882,28.81100082
883,28.43400002
884,27.87400055
885,27.7859993
886,27.80200005
887,27.58699989
888,27.15999985
889,26.88800049
890,27.80599976
891,27.85099983
892,27.92399979
893,28.44400024
894,28.78100014
895,29.1989994
896,29.27199936
897,29.23500061
898,29.23699951
899,29.24399948
900,29.47100067
901,29.5890007
902,28.89999962
903,28.37599945
904,28.42099953
905,28.57900047
906,28.72400093
907,28.79700089
908,30.07799911
909,30.26300049
910,30.05200005
911,29.9810009
912,29.90600014
913,28.27700043
914,28.10300064
915,28.19199944
916,28.13299942
917,27.97299957
918,28.30200005
919,28.54500008
920,28.61499977
921,27.63800049
922,27.63199997
923,27.57900047
924,27.74300003
925,27.74799919
926,27.87599945
927,28.45599937
928,28.34799957
929,29.79500008
930,30.45199966
931,30.34199905
932,30.3010006
933,30.34300041
934,30.11899948
935,30.04199982
936,29.3220005
937,28.97699928
938,29.13800049
939,29.39599991
940,29.04299927
941,28.9470005
942,29.23900032
943,29.20100021
944,29.12400055
945,29.44400024
946,29.39599991
947,29.97299957
948,29.92099953
949,29.99900055
950,30.17099953
951,30.58499908
952,30.72200012
953,31.09499931
954,30.55900002
955,29.04899979
956,28.90999985
957,28.87800026
958,28.7859993
959,28.73800087
960,28.86800003
961,29.08200073
962,29.31399918
963,29.87800026
964,29.96299934
965,28.4810009
966,28.85000038
967,29.06999969
968,29.68499947
969,30.20299911
970,30.17900085
971,29.94400024
972,29.69199944
973,29.52300072
974,29.29599953
975,29.23900032
976,29.23699951
977,29.24099922
978,29.56200027
979,29.50900078
980,29.54599953
981,29.6779995
982,29.88999939
983,28.7140007
984,28.67399979
985,28.76499939
986,28.95199966
987,29.17399979
988,29.01799965
989,29.00699997
990,29.01300049
991,29.4109993
992,29.27899933
993,29.26499939
994,29.4279995
995,29.36400032
996,29.25
997,28.86199951
998,28.90500069
999,29.24300003
1000,29.21500015
1001,28.74799919
1002,28.52300072
1003,28.90699959
1004,29.69499969
1005,29.77599907
1006,29.76300049
1007,29.63100052
1008,29.07999992
1009,29.12800026
1010,29.3560009
1011,29.60400009
1012,29.60700035
1013,29.65800095
1014,29.65399933
1015,29.63400078
1016,29.37999916
1017,29.29100037
1018,29.29899979
1019,29.20400047
1020,28.85400009
1021,28.5170002
1022,28.60700035
1023,28.65800095
1024,27.56800079
1025,27.43099976
1026,27.69199944
1027,27.70599937
1028,27.67000008
1029,27.43300056
1030,26.98800087
1031,27.02599907
1032,27.23600006
1033,27.33499908
1034,27.31699944
1035,27.20599937
1036,27.0890007
1037,27.0510006
1038,27.09700012
1039,27.18400002
1040,26.36599922
1041,26.21899986
1042,26.16799927
1043,26.18700027
1044,26.38199997
1045,26.37899971
1046,26.39900017
1047,26.35300064
1048,26.4810009
1049,25.30400085
1050,25.22500038
1051,25.27300072
1052,25.66300011
1053,25.72100067
1054,25.72500038
1055,24.70499992
1056,24.79199982
1057,24.88500023
1058,25.06500053
1059,25.77899933
1060,25.6439991
1061,24.54199982
1062,24.30599976
1063,24.31900024
1064,24.27300072
1065,23.96100044
1066,23.80800056
1067,23.80500031
1068,23.95299911
1069,24.0340004
1070,23.98900032
1071,24.0340004
1072,24.26199913
1073,24.24099922
1074,24.31500053
1075,24.07999992
1076,23.90299988
1077,23.64299965
1078,23.5510006
1079,23.59300041
1080,23.74500084
1081,23.84700012
1082,23.94599915
1083,23.97400093
1084,24.03499985
1085,24.31900024
1086,24.26600075
1087,23.95100021
1088,24.85400009
1089,24.76099968
1090,23.54599953
1091,23.22800064
1092,23.25799942
1093,23.28700066
1094,23.3920002
1095,23.45199966
1096,22.87899971
1097,22.7859993
1098,22.79999924
1099,22.97400093
1100,23.16699982
1101,23.34799957
1102,23.31999969
1103,22.51000023
1104,22.43300056
1105,22.60899925
1106,23.23699951
1107,23.4659996
1108,23.46100044
1109,21.15200043
1110,20.79500008
1111,20.69799995
1112,20.7329998
1113,19.54100037
1114,19.37700081
1115,19.24900055
1116,19.65299988
1117,20.41399956
1118,21.00900078
1119,21.47800064
1120,21.58499908
1121,21.25499916
1122,20.12100029
1123,19.82600021
1124,20.06599998
1125,20.4489994
1126,20.55699921
1127,20.49500084
1128,20.64900017
1129,20.83499908
1130,20.83200073
1131,20.82299995
1132,20.16399956
1133,20.00799942
1134,20.01600075
1135,19.93000031
1136,20.08799934
1137,20.51199913
1138,20.73800087
1139,20.73600006
1140,21.20800018
1141,21.68099976
1142,22.46999931
1143,22.2689991
1144,22.15299988
1145,22.15099907
1146,21.79000092
1147,21.17399979
1148,21.27799988
1149,21.32799911
1150,21.33200073
1151,21.26799965
1152,21.61400032
1153,21.46199989
1154,20.58200073
1155,20.33300018
1156,20.26000023
1157,20.51300049
1158,21.10199928
1159,21.28499985
1160,21.84000015
1161,21.84000015
1162,21.58699989
1163,20.0739994
1164,20.16799927
1165,20.2329998
1166,20.19099998
1167,20.29400063
1168,20.6590004
1169,20.95299911
1170,20.82099915
1171,20.73999977
1172,21.16300011
1173,21.22800064
1174,21.21899986
1175,21.09199905
1176,22.30400085
1177,22.81999969
1178,23.23999977
1179,23.28899956
1180,23.11599922
1181,23.16900063
1182,23.16500092
1183,23.25900078
1184,23.44300079
1185,23.55900002
1186,23.76000023
1187,23.78899956
1188,24.0739994
1189,24.08699989
1190,24.73900032
1191,24.79299927
1192,24.84900093
1193,25.74600029
1194,26.05599976
1195,26.12199974
1196,26.00799942
1197,26.1060009
1198,26.09700012
1199,26.82699966
1200,27.07099915
1201,27.12599945
1202,27.15999985
1203,27.30800056
1204,27.37000084
1205,27.12400055
1206,27.49900055
1207,27.79100037
1208,27.70499992
1209,28.63299942
1210,28.68600082
1211,28.89299965
1212,29.28800011
1213,28.46999931
1214,27.22699928
1215,27.19400024
1216,27.38800049
1217,26.02300072
1218,26.02300072
1219,26.25099945
1220,26.24600029
1221,26.2840004
1222,26.58099937
1223,27.07699966
1224,27.22699928
1225,26.86899948
1226,27.04999924
1227,27.05500031
1228,26.91500092
1229,27.10199928
1230,27.33099937
1231,27.53300095
1232,27.48699951
1233,27.37299919
1234,27.43700027
1235,27.47800064
1236,27.60300064
1237,27.70800018
1238,27.98500061
1239,28.12999916
1240,28.37400055
1241,28.30599976
1242,28.31200027
1243,28.0189991
1244,28.04999924
1245,28.11400032
1246,28.21100044
1247,28.72999954
1248,28.15600014
1249,27.98999977
1250,27.84000015
1251,27.58399963
1252,27.51399994
1253,27.92300034
1254,28.09799957
1255,28.88100052
1256,28.99900055
1257,28.95499992
1258,28.8239994
1259,28.70999908
1260,28.6760006
1261,28.69199944
1262,28.74799919
1263,28.84799957
1264,28.65399933
1265,28.60099983
1266,28.49099922
1267,28.48399925
1268,28.63599968
1269,28.63800049
1270,28.46899986
1271,28.49200058
1272,28.42700005
1273,28.51300049
1274,28.65200043
1275,28.64100075
1276,28.83399963
1277,28.94000053
1278,28.92900085
1279,28.61700058
1280,28.24399948
1281,27.95800018
1282,28.45299911
1283,28.62400055
1284,28.12899971
1285,28.27300072
1286,28.36300087
1287,28.34600067
1288,28.36800003
1289,28.43400002
1290,29.18899918
1291,29.34399986
1292,29.4659996
1293,29.47900009
1294,29.5
1295,29.54500008
1296,29.45999908
1297,29.43600082
1298,29.43400002
1299,29.54999924
1300,29.32799911
1301,29.39100075
1302,29.16500092
1303,29.03100014
1304,29.13999939
1305,29.37700081
1306,29.375
1307,28.61800003
1308,28.68600082
1309,29.49399948
1310,29.96500015
1311,30.11899948
1312,30.00499916
1313,30.11100006
1314,30.15699959
1315,30.02899933
1316,29.51399994
1317,29.07900047
1318,29.33399963
1319,29.4279995
1320,29.47699928
1321,29.31200027
1322,29.74300003
1323,29.74500084
1324,29.83099937
1325,29.83200073
1326,30.24200058
1327,30.25
1328,29.96699905
1329,30.19499969
1330,30.64599991
1331,30.91900063
1332,31.14599991
1333,30.00900078
1334,29.93099976
1335,30.09600067
1336,30.02899933
1337,29.85499954
1338,29.47900009
1339,29.38699913
1340,29.80500031
1341,30.04800034
1342,30.12100029
1343,30.19300079
1344,30.2670002
1345,30.27899933
1346,30.28100014
1347,30.37100029
1348,30.25799942
1349,30.3239994
1350,30.08699989
1351,30.01799965
1352,30.10499954
1353,29.86199951
1354,29.34600067
1355,29.66500092
1356,29.87100029
1357,29.81599998
1358,29.72999954
1359,29.93099976
1360,30.34499931
1361,30.375
1362,30.33099937
1363,30.05699921
1364,29.35899925
1365,29.19799995
1366,29.05999947
1367,29.2840004
1368,29.82299995
1369,29.20400047
1370,29.07299995
1371,29.2310009
1372,29.21199989
1373,29.19199944
1374,29.04100037
1375,28.90399933
1376,28.9640007
1377,29.28100014
1378,29.55200005
1379,29.59900093
1380,29.68799973
1381,29.61100006
1382,29.50499916
1383,29.54400063
1384,29.54800034
1385,29.10099983
1386,29.18300056
1387,29.33200073
1388,28.94499969
1389,28.18000031
1390,28.26399994
1391,28.47299957
1392,28.77899933
1393,29.07699966
1394,28.9260006
1395,28.83499908
1396,28.7859993
1397,28.29199982
1398,28.60899925
1399,29.12599945
1400,29.04500008
1401,28.85099983
1402,28.41799927
1403,28.20899963
1404,28.08499908
1405,28.04700089
1406,27.92900085
1407,28.04299927
1408,28.19499969
1409,27.9489994
1410,27.96100044
1411,28.125
1412,28.37299919
1413,28.35400009
1414,28.29000092
1415,27.58300018
1416,27.64800072
1417,27.64100075
1418,27.37599945
1419,27.02400017
1420,27.30699921
1421,27.52799988
1422,27.50300026
1423,26.65099907
1424,25.89999962
1425,25.59399986
1426,25.39100075
1427,25.93600082
1428,26.38800049
1429,26.44000053
1430,26.49600029
1431,25.9470005
1432,25.72500038
1433,25.6779995
1434,25.35000038
1435,25.32500076
1436,25.34700012
1437,25.23999977
1438,24.9279995
1439,24.6609993
1440,24.72100067
1441,24.81399918
1442,24.82799911
1443,25.0739994
1444,25.35000038
1445,25.48999977
1446,25.46299934
1447,25.27799988
1448,25.08399963
1449,25.01499939
1450,24.63299942
1451,24.25499916
1452,24.40999985
1453,24.54199982
1454,24.37999916
1455,24.70499992
1456,25.51199913
1457,25.47200012
1458,25.42499924
1459,25.51000023
1460,25.30200005
1461,25.75499916
1462,24.95700073
1463,24.66900063
1464,24.37400055
1465,23.11800003
1466,22.83600044
1467,22.84399986
1468,23.67000008
1469,23.85199928
1470,23.82900047
1471,23.90200043
1472,23.79000092
1473,23.52400017
1474,22.87899971
1475,23.33499908
1476,23.81200027
1477,23.68400002
1478,23.49900055
1479,23.4109993
1480,23.35199928
1481,23.04800034
1482,23.13199997
1483,23.09499931
1484,23.01300049
1485,22.45599937
1486,22.52700043
1487,22.62000084
1488,22.49900055
1489,22.87899971
1490,22.95999908
1491,22.79400063
1492,22.86800003
1493,22.8220005
1494,22.84700012
1495,22.92900085
1496,23.59799957
1497,23.68300056
1498,22.77400017
1499,22.65600014
1500,22.61300087
1501,22.52599907
1502,21.98800087
1503,22.62100029
1504,22.77000046
1505,22.94799995
1506,23.08799934
1507,23.22900009
1508,22.83600044
1509,22.91399956
1510,23.15399933
1511,23.2310009
1512,23.76199913
1513,23.84799957
1514,23.7840004
1515,23.5909996
1516,23.57699966
1517,24.09600067
1518,24.47500038
1519,22.87800026
1520,22.85499954
1521,22.81399918
1522,22.82500076
1523,22.89800072
1524,23.14100075
1525,23.34000015
1526,23.97100067
1527,24.12199974
1528,24.18300056
1529,24.18899918
1530,24.26000023
1531,24.29899979
1532,23.05699921
1533,23.55900002
1534,23.64100075
1535,23.94400024
1536,24.14800072
1537,24.18700027
1538,24.54000092
1539,25.38899994
1540,25.3220005
1541,25.17700005
1542,23.67900085
1543,23.67499924
1544,24.00099945
1545,24.25300026
1546,24.35400009
1547,24.25900078
1548,24.47599983
1549,24.68499947
1550,24.77700043
1551,25.16399956
1552,25.70499992
1553,25.92700005
1554,25.9640007
1555,25.75300026
1556,25.67200089
1557,24.3939991
1558,24.26000023
1559,24.5170002
1560,24.54999924
1561,24.5890007
1562,24.95999908
1563,25.49200058
1564,25.68499947
1565,25.76300049
1566,25.89599991
1567,25.79199982
1568,25.35400009
1569,25.8920002
1570,26.3409996
1571,26.69400024
1572,26.74300003
1573,26.55699921
1574,27.25499916
1575,27.18199921
1576,26.71899986
1577,26.66600037
1578,27.6439991
1579,28.44300079
1580,28.27099991
1581,28.21699905
1582,27.95100021
1583,27.61400032
1584,27.46699905
1585,27.69099998
1586,27.57999992
1587,26.07799911
1588,25.83300018
1589,25.69300079
1590,25.84300041
1591,26.1970005
1592,26.27199936
1593,26.20199966
1594,26.67200089
1595,27.09199905
1596,27.00300026
1597,27.0170002
1598,27.07600021
1599,27.11499977
1600,28.41300011
1601,28.79199982
1602,28.93400002
1603,28.93199921
1604,28.97400093
1605,29.07500076
1606,29.09700012
1607,28.99300003
1608,28.85300064
1609,28.6060009
1610,28.93400002
1611,28.63199997
1612,28.3939991
1613,29.00799942
1614,28.9279995
1615,28.97699928
1616,27.9260006
1617,27.77099991
1618,27.91699982
1619,28.37199974
1620,29.01199913
1621,28.9659996
1622,28.95299911
1623,29.02599907
1624,29.27700043
1625,28.625
1626,28.73500061
1627,28.78700066
1628,28.73500061
1629,28.45599937
1630,28.23600006
1631,28.25600052
1632,28.31200027
1633,28.52300072
1634,28.81999969
1635,28.68899918
1636,28.61400032
1637,28.68400002
1638,28.98699951
1639,29.77799988
1640,29.54400063
1641,28.85099983
1642,28.88599968
1643,29.09900093
1644,29.16699982
1645,29.58799934
1646,29.83399963
1647,29.83399963
1648,29.97500038
1649,30.12100029
1650,29.49200058
1651,28.98399925
1652,29.01399994
1653,29.0720005
1654,29.07900047
1655,29.12100029
1656,28.97500038
1657,28.61199951
1658,28.64999962
1659,28.61000061
1660,28.60199928
1661,28.95199966
1662,28.99600029
1663,28.44499969
1664,28.83799934
1665,29.29700089
1666,29.30200005
1667,29.09300041
1668,28.83300018
1669,28.93899918
1670,29.66200066
1671,29.59000015
1672,29.50300026
1673,29.41699982
1674,29.54800034
1675,29.60400009
1676,29.56699944
1677,29.50699997
1678,29.61499977
1679,29.74399948
1680,29.27199936
1681,28.83600044
1682,30.20400047
1683,30.25399971
1684,30.29599953
1685,30.31399918
1686,29.72800064
1687,29.36000061
1688,29.5739994
1689,30.56500053
1690,30.70700073
1691,30.05999947
1692,29.02799988
1693,29.0359993
1694,29.35000038
1695,29.7859993
1696,29.8239994
1697,29.40200043
1698,28.99399948
1699,28.99699974
1700,29.1439991
1701,29.1609993
1702,29.22400093
1703,29.38599968
1704,29.20199966
1705,29.38100052
1706,29.44499969
1707,29.49600029
1708,30.33699989
1709,29.35099983
1710,29.14699936
1711,29.25
1712,29.45499992
1713,29.47100067
1714,29.52899933
1715,29.68700027
1716,29.78700066
1717,29.99300003
1718,29.91699982
1719,29.8560009
1720,29.50600052
1721,29.29199982
1722,29.42399979
1723,29.7859993
1724,30.86700058
1725,31.09000015
1726,31.08099937
1727,30.43600082
1728,30.21899986
1729,30.19000053
1730,30.11800003
1731,30.66699982
1732,30.93499947
1733,30.74200058
1734,30.54100037
1735,30.67000008
1736,30.64299965
1737,29.88100052
1738,29.42700005
1739,29.33399963
1740,29.82799911
1741,30.00799942
1742,29.8579998
1743,29.79899979
1744,29.99600029
1745,29.10499954
1746,28.95100021
1747,28.84199905
1748,28.79199982
1749,29.00399971
1750,29.03700066
1751,29.16699982
1752,29.33099937
1753,29.22800064
1754,29.20800018
1755,29.60300064
1756,29.69400024
1757,29.32099915
1758,28.52300072
1759,28.33600044
1760,28.27899933
1761,28.34199905
1762,28.25699997
1763,27.98200035
1764,27.95299911
1765,28.03300095
1766,28.06100082
1767,28.07500076
1768,28.17399979
1769,28.20100021
1770,28.38899994
1771,28.20999908
1772,27.75
1773,27.67200089
1774,27.6970005
1775,27.73900032
1776,27.66600037
1777,27.6590004
1778,27.18000031
1779,26.94000053
1780,26.82600021
1781,26.6760006
1782,26.86800003
1783,27.15099907
1784,27.02700043
1785,26.77300072
1786,26.62999916
1787,26.0739994
1788,26.16799927
1789,26.18499947
1790,26.03300095
1791,26.21899986
1792,26.31399918
1793,26.19499969
1794,26.05999947
1795,26.36800003
1796,26.66200066
1797,26.67099953
1798,26.08600044
1799,26.1609993
1800,26.21899986
1801,26.14500046
1802,25.85899925
1803,25.93400002
1804,26.38500023
1805,26.26199913
1806,25.72599983
1807,25.21800041
1808,25.2310009
1809,25.16500092
1810,25.17099953
1811,25.2840004
1812,25.87199974
1813,25.88400078
1814,25.97999954
1815,25.8939991
1816,25.27899933
1817,24.13299942
1818,24.28000069
1819,24.39299965
1820,24.42200089
1821,24.42900085
1822,24.51199913
1823,24.47900009
1824,24.76099968
1825,24.70299911
1826,25.26300049
1827,25.16500092
1828,24.99500084
1829,25.18000031
1830,25.25499916
1831,25.38400078
1832,25.75699997
1833,25.79599953
1834,25.89100075
1835,25.11800003
1836,24.75300026
1837,24.14699936
1838,24.11199951
1839,24.58200073
1840,24.33200073
1841,24.70299911
1842,24.66300011
1843,24.67700005
1844,24.66399956
1845,24.84000015
1846,25.66300011
1847,26.0189991
1848,26.04400063
1849,25.29000092
1850,24.52199936
1851,24.79500008
1852,24.92900085
1853,24.97599983
1854,25.00799942
1855,24.85000038
1856,23.81900024
1857,23.57099915
1858,23.52300072
1859,23.48600006
1860,23.61599922
1861,23.63199997
1862,23.88100052
1863,23.93600082
1864,24.1439991
1865,24.5359993
1866,24.77000046
1867,24.94599915
1868,25.01799965
1869,25.06399918
1870,25.5189991
1871,25.41799927
1872,25.32500076
1873,25.43199921
1874,25.6590004
1875,24.97400093
1876,25.09799957
1877,25.24799919
1878,25.47100067
1879,24.92099953
1880,24.8560009
1881,25.07299995
1882,24.9090004
1883,25.04599953
1884,25.10199928
1885,25.01000023
1886,25.01300049
1887,25.78499985
1888,25.84300041
1889,25.75099945
1890,24.73699951
1891,24.54199982
1892,24.5720005
1893,24.87199974
1894,25.03499985
1895,25.12299919
1896,25.81699944
1897,26.00600052
1898,26.05500031
1899,25.92200089
1900,25.06399918
1901,24.96299934
1902,24.98500061
1903,25.38199997
1904,25.43400002
1905,25.66300011
1906,25.77599907
1907,25.86000061
1908,25.91300011
1909,25.9260006
1910,25.74300003
1911,25.5909996
1912,25.41399956
1913,26.05599976
1914,26.08799934
1915,26.12400055
1916,26.15999985
1917,26.15200043
1918,26.21500015
1919,26.37999916
1920,26.27799988
1921,26.25
1922,26.23800087
1923,26.22200012
1924,25.89900017
1925,25.49099922
1926,25.45599937
1927,25.81500053
1928,26.67900085
1929,26.78499985
1930,26.72800064
1931,26.37599945
1932,26.3560009
1933,26.38299942
1934,26.29700089
1935,26.75
1936,26.84300041
1937,26.90099907
1938,26.94199944
1939,26.88999939
1940,26.94300079
1941,27.06900024
1942,27.16300011
1943,27.23399925
1944,27.1760006
1945,27.15600014
1946,27.15999985
1947,27.12400055
1948,26.8579998
1949,26.28000069
1950,26.33099937
1951,26.37400055
1952,26.59900093
1953,26.40999985
1954,26.29700089
1955,26.31599998
1956,26.34600067
1957,26.31500053
1958,26.37400055
1959,27.81599998
1960,27.82900047
1961,27.8390007
1962,27.83699989
1963,27.7689991
1964,27.71500015
1965,27.68899918
1966,27.59000015
1967,27.90399933
1968,29.77599907
1969,29.78199959
1970,29.8010006
1971,29.64599991
1972,28.29000092
1973,28.18600082
1974,28.60199928
1975,28.69599915
1976,28.77099991
1977,28.96899986
1978,29.0359993
1979,28.38899994
1980,28.40500069
1981,28.75
1982,29.17099953
1983,29.22400093
1984,29.15399933
1985,29.16600037
1986,29.43199921
1987,29.5189991
1988,29.52499962
1989,29.46899986
1990,29.07500076
1991,28.70899963
1992,28.73500061
1993,29.11499977
1994,29.77400017
1995,29.78700066
1996,29.62400055
1997,29.36899948
1998,29.14599991
1999,29.12599945
2000,29.81599998
2001,29.73800087
2002,29.75200081
2003,29.80200005
2004,29.79599953
2005,29.67499924
2006,29.61499977
2007,29.61499977
2008,29.25699997
2009,28.96899986
2010,29.09700012
2011,29.33600044
2012,29.58099937
2013,29.7670002
2014,29.82699966
2015,29.77400017
2016,29.6609993
2017,29.09399986
2018,29.04400063
2019,29.12299919
2020,29.04199982
2021,28.97800064
2022,29.02899933
2023,29.0529995
2024,29.61899948
2025,29.71999931
2026,29.59300041
2027,29.52799988
2028,29.48200035
2029,29.57799911
2030,29.84000015
2031,29.0170002
2032,29.05999947
2033,29.10899925
2034,28.74900055
2035,28.75699997
2036,29.04000092
2037,29.38400078
2038,29.76099968
2039,29.7140007
2040,30.22699928
2041,30.57699966
2042,30.36800003
2043,30.14299965
2044,30.01300049
2045,29.95599937
2046,29.8220005
2047,29.80800056
2048,29.86400032
2049,29.7310009
2050,28.19799995
2051,28.13599968
2052,28.94499969
2053,29.06800079
2054,29.01199913
2055,29.37400055
2056,29.76499939
2057,29.27799988
2058,29.31100082
2059,29.7859993
2060,30.04400063
2061,29.91799927
2062,29.51799965
2063,29.10000038
2064,29.22800064
2065,29.75600052
2066,29.87700081
2067,29.98699951
2068,29.75099945
2069,29.75200081
2070,29.67499924
2071,29.64100075
2072,29.7140007
2073,29.75099945
2074,30.01099968
2075,29.88199997
2076,29.84499931
2077,29.23600006
2078,29.96100044
2079,29.43099976
2080,29.26000023
2081,29.02599907
2082,29.07799911
2083,28.89500046
2084,28.87000084
2085,29.04999924
2086,29.37999916
2087,29.57600021
2088,29.77400017
2089,29.82099915
2090,29.58200073
2091,29.70899963
2092,30.07099915
2093,29.99099922
2094,29.94599915
2095,29.80999947
2096,29.68199921
2097,29.45100021
2098,29.21699905
2099,29.24500084
2100,28.44599915
2101,28.47200012
2102,28.41799927
2103,28.2689991
2104,28.31399918
2105,28.12000084
2106,28.25300026
2107,28.16900063
2108,28.61400032
2109,28.6079998
2110,28.72400093
2111,28.68199921
2112,28.80500031
2113,28.91300011
2114,28.92399979
2115,28.92000008
2116,28.18199921
2117,28.20899963
2118,28.2329998
2119,27.96899986
2120,28.21100044
2121,28.3579998
2122,28.59199905
2123,28.55900002
2124,28.39999962
2125,28.29999924
2126,27.85899925
2127,27.70100021
2128,27.66600037
2129,27.02799988
2130,26.88199997
2131,26.97200012
2132,27.12100029
2133,27.20899963
2134,27.22100067
2135,27.37100029
2136,26.93199921
2137,26.91900063
2138,27.5510006
2139,27.57299995
2140,27.44599915
2141,27.32099915
2142,27.3920002
2143,27.31900024
2144,27.24200058
2145,27.1439991
2146,27.05900002
2147,27.08300018
2148,27.04700089
2149,27.03800011
2150,27.03700066
2151,26.96299934
2152,26.80599976
2153,26.61599922
2154,26.65600014
2155,25.36100006
2156,25.37899971
2157,25.69400024
2158,25.77199936
2159,25.49200058
2160,25.63699913
2161,25.68799973
2162,25.70299911
2163,25.66300011
2164,25.5359993
2165,25.64800072
2166,25.94599915
2167,26.04000092
2168,25.94199944
2169,25.72800064
2170,25.06299973
2171,24.88100052
2172,24.92399979
2173,24.64999962
2174,24.28700066
2175,24.16600037
2176,24.27000046
2177,24.32900047
2178,24.26199913
2179,24.29199982
2180,24.3579998
2181,24.35499954
2182,24.82900047
2183,24.90800095
2184,24.87800026
2185,25.00699997
2186,24.46500015
2187,24.38599968
2188,24.45800018
2189,24.51600075
2190,24.47999954
2191,24.49799919
2192,24.41799927
2193,24.44099998
2194,24.48600006
2195,24.19000053
2196,23.48900032
2197,23.62400055
2198,23.81500053
2199,23.81200027
2200,23.55900002
2201,23.30500031
2202,23.39699936
2203,23.41399956
2204,23.63299942
2205,23.62199974
2206,23.46800041
2207,23.46199989
2208,23.83099937
2209,23.93099976
2210,23.31500053
2211,23.15399933
2212,23.09799957
2213,22.9470005
2214,22.96500015
2215,22.94099998
2216,23.05599976
2217,22.9659996
2218,22.74900055
2219,23.22200012
2220,23.125
2221,23.0909996
2222,23.10499954
2223,22.35700035
2224,22.24200058
2225,22.23999977
2226,22.24099922
2227,21.97699928
2228,23.25099945
2229,23.10300064
2230,23.13500023
2231,23.31299973
2232,23.45999908
2233,23.33200073
2234,23.47299957
2235,23.61000061
2236,23.53000069
2237,22.72699928
2238,22.67000008
2239,22.68099976
2240,22.67399979
2241,22.92000008
2242,23.62199974
2243,23.76499939
2244,23.91300011
2245,24.08099937
2246,24.25099945
2247,24.40800095
2248,24.35199928
2249,24.49399948
2250,24.71500015
2251,24.56599998
2252,24.39299965
2253,24.26399994
2254,24.35000038
2255,24.38500023
2256,24.41399956
2257,24.57699966
2258,24.40699959
2259,23.87800026
2260,23.8920002
2261,24.16600037
2262,24.52899933
2263,24.8560009
2264,25.04899979
2265,24.67399979
2266,24.55900002
2267,24.45999908
2268,24.44000053
2269,25.3560009
2270,26.04400063
2271,26.24600029
2272,26.13299942
2273,24.34199905
2274,24.61000061
2275,24.72699928
2276,24.87000084
2277,25.07699966
2278,25.61199951
2279,26.04500008
2280,26.39100075
2281,26.0170002
2282,24.98600006
2283,24.9829998
2284,24.9829998
2285,25.06999969
2286,25.6760006
2287,25.94400024
2288,26.21299934
2289,26.34000015
2290,26.44300079
2291,26.12299919
2292,25.86499977
2293,25.70199966
2294,25.38599968
2295,25.38599968
2296,25.2159996
2297,25.08600044
2298,25.03499985
2299,24.7689991
2300,24.87400055
2301,25.3029995
2302,25.31100082
2303,25.19099998
2304,25.0890007
2305,25.57699966
2306,26.56100082
2307,26.51199913
2308,26.57600021
2309,26.59900093
2310,26.4810009
2311,26.33099937
2312,26.3409996
2313,27.11000061
2314,27.05900002
2315,27.04000092
2316,27.0909996
2317,26.79000092
2318,26.76300049
2319,26.74799919
2320,26.74799919
2321,26.88999939
2322,27.4279995
2323,27.67499924
2324,28.0170002
2325,28.0739994
2326,28.06500053
2327,28.62999916
2328,28.63500023
2329,28.47500038
2330,28.45700073
2331,28.39599991
2332,28.3560009
2333,28.26099968
2334,28.25600052
2335,28.41900063
2336,28.36300087
2337,28.86599922
2338,28.87700081
2339,29.21699905
2340,29.15500069
2341,29.46899986
2342,29.58399963
2343,29.32799911
2344,29.29800034
2345,29.03100014
2346,29.92300034
2347,29.54999924
2348,29.33200073
2349,29.29400063
2350,29.4090004
2351,28.97200012
2352,28.90399933
2353,28.8029995
2354,28.65500069
2355,28.54500008
2356,28.76499939
2357,29.2310009
2358,29.38899994
2359,29.26600075
2360,29.0529995
2361,28.88100052
2362,29.29000092
2363,29.41500092
2364,29.4640007
2365,28.26300049
2366,28.31500053
2367,28.49600029
2368,28.83399963
2369,29.76000023
2370,28.98800087
2371,28.46500015
2372,28.56599998
2373,28.43000031
2374,27.85499954
2375,28.09399986
2376,28.2840004
2377,28.56500053
2378,28.5720005
2379,28.21500015
2380,27.70999908
2381,27.28700066
2382,27.31100082
2383,27.95599937
2384,27.73999977
2385,27.64299965
2386,27.51600075
2387,27.47400093
2388,29.68799973
2389,28.54299927
2390,28.90200043
2391,28.65699959
2392,29.21500015
2393,29.27599907
2394,29.23900032
2395,29.24500084
2396,29.15500069
2397,28.64699936
2398,28.83399963
2399,29.38699913
2400,29.47900009
2401,30.57799911
2402,30.62599945
2403,30.27300072
2404,30.09900093
2405,30.19099998
2406,30.25900078
2407,30.38100052
2408,29.48900032
2409,29.45800018
2410,29.56299973
2411,29.29299927
2412,29.11700058
2413,29.73200035
2414,29.72400093
2415,29.90500069
2416,29.54199982
2417,29.53300095
2418,29.75900078
2419,30.08799934
2420,30.56800079
2421,30.39699936
2422,29.99699974
2423,30.15500069
2424,30.34300041
2425,30.36300087
2426,30.30900002
2427,29.90399933
2428,29.87800026
2429,29.97100067
2430,30.04100037
2431,29.70999908
2432,29.68099976
2433,29.03100014
2434,29.12100029
2435,30.17700005
2436,30.17099953
2437,29.90500069
2438,30.27099991
2439,30.09300041
2440,30.01000023
2441,29.4470005
2442,29.43400002
2443,29.99200058
2444,29.98600006
2445,30.20100021
2446,30.81800079
2447,29.98399925
2448,29.67099953
2449,29.74799919
2450,29.70599937
2451,29.65500069
2452,30.16900063
2453,30.59300041
2454,30.64500046
2455,30.53300095
2456,29.91300011
2457,29.92000008
2458,31.30500031
2459,30.33399963
2460,30.22500038
2461,30.18199921
2462,30.15299988
2463,29.78499985
2464,29.82900047
2465,29.45599937
2466,29.57900047
2467,29.52300072
2468,29.08099937
2469,29.22900009
2470,29.29899979
2471,28.86199951
2472,28.96899986
2473,29.88400078
2474,29.9090004
2475,29.93300056
2476,29.94000053
2477,29.63999939
2478,29.7689991
2479,29.84900093
2480,29.74099922
2481,29.69599915
2482,29.51099968
2483,29.40800095
2484,29.17499924
2485,29.04000092
2486,28.37999916
2487,27.82900047
2488,27.7159996
2489,27.30800056
2490,27.75200081
2491,27.38400078
2492,27.29400063
2493,27.44499969
2494,27.81999969
2495,27.79700089
2496,26.94099998
2497,27.00099945
2498,27.27099991
2499,27.57099915
2500,27.2859993
2501,27.25799942
2502,27.23999977
2503,27.66600037
2504,28.50699997
2505,28.55400085
2506,28.23699951
2507,28.08300018
2508,27.37700081
2509,27.19599915
2510,27.2140007
2511,27.5510006
2512,26.72999954
2513,25.51600075
2514,25.27599907
2515,25.30999947
2516,25.45400047
2517,25.36300087
2518,24.86700058
2519,24.94599915
2520,25.74300003
2521,25.57500076
2522,25.53700066
2523,25.25799942
2524,24.95800018
2525,24.88699913
2526,24.84600067
2527,25.80400085
2528,25.78000069
2529,26.04700089
2530,26.09199905
2531,26.07900047
2532,25.4829998
2533,25.35099983
2534,25.53899956
2535,25.58699989
2536,25.51399994
2537,25.02799988
2538,24.96899986
2539,25.125
2540,25.01499939
2541,24.90200043
2542,25.53199959
2543,24.81500053
2544,24.21999931
2545,24.3239994
2546,24.21899986
2547,23.97999954
2548,23.63500023
2549,23.49500084
2550,23.5189991
2551,23.41300011
2552,24.13400078
2553,24.86899948
2554,24.39999962
2555,24.99099922
2556,25.02199936
2557,24.97500038
2558,24.87599945
2559,23.98600006
2560,23.69599915
2561,23.69799995
2562,23.7140007
2563,23.43300056
2564,23.57600021
2565,23.84000015
2566,23.9640007
2567,24.05999947
2568,24.55800056
2569,24.64699936
2570,24.80699921
2571,24.29000092
2572,24.51499939
2573,23.84600067
2574,24.11400032
2575,24.33499908
2576,24.25799942
2577,24.17499924
2578,23.71800041
2579,23.71999931
2580,23.81900024
2581,23.74699974
2582,23.74300003
2583,23.81599998
2584,23.21800041
2585,23.24699974
2586,23.00600052
2587,22.84300041
2588,23.03199959
2589,23.3029995
2590,23.16399956
2591,23.375
2592,23.47599983
2593,23.86899948
2594,23.99500084
2595,24.26300049
2596,24.43300056
2597,24.53499985
2598,23.3029995
2599,23.37299919
2600,23.72500038
2601,23.72299957
2602,22.79999924
2603,23.35899925
2604,23.49099922
2605,23.92399979
2606,24.03499985
2607,24.08799934
2608,24.0890007
2609,23.94000053
2610,23.39599991
2611,23.93199921
2612,24.16500092
2613,23.98600006
2614,23.03800011
2615,22.97200012
2616,23.71199989
2617,24.22299957
2618,23.87700081
2619,24.46500015
2620,24.77899933
2621,25.18600082
2622,25.00499916
2623,23.30500031
2624,21.99300003
2625,22.29400063
2626,22.35300064
2627,23.32999992
2628,23.70599937
2629,23.8560009
2630,23.92700005
2631,24.61400032
2632,24.86499977
2633,24.62100029
2634,24.0909996
2635,24.31299973
2636,24.53199959
2637,22.94000053
2638,22.67499924
2639,22.60899925
2640,22.92000008
2641,22.3939991
2642,22.56900024
2643,22.70199966
2644,22.19799995
2645,22.82600021
2646,22.83699989
2647,22.92700005
2648,23.28700066
2649,22.28100014
2650,21.94799995
2651,23.87800026
2652,23.74099922
2653,23.04100037
2654,23.10700035
2655,23.36199951
2656,24.13599968
2657,23.54599953
2658,23.61599922
2659,24.20299911
2660,24.17000008
2661,24.15600014
2662,24.04800034
2663,23.56500053
2664,24.04199982
2665,24.25
2666,24.25099945
2667,24.59799957
2668,24.67700005
2669,24.66900063
2670,24.81900024
2671,24.89500046
2672,25.20100021
2673,24.93099976
2674,25.14999962
2675,25.3579998
2676,25.42000008
2677,25.81699944
2678,26.22100067
2679,26.84199905
2680,27.01300049
2681,27.12299919
2682,27.34399986
2683,27.49399948
2684,27.38500023
2685,27.6079998
2686,27.46199989
2687,27.87299919
2688,27.28300095
2689,27.54899979
2690,27.98200035
2691,28.45899963
2692,27.73800087
2693,27.54899979
2694,27.84199905
2695,28.06399918
2696,29.32600021
2697,28.38800049
2698,28.34399986
2699,28.21100044
2700,28.24300003
2701,27.8939991
2702,27.97800064
2703,27.94199944
2704,28.18700027
2705,28.41699982
2706,28.30800056
2707,27.79299927
2708,27.77199936
2709,27.94300079
2710,28.76000023
2711,29.07799911
2712,29.14100075
2713,29.2329998
2714,29.40299988
2715,29.14699936
2716,29.50200081
2717,29.29700089
2718,29.38699913
2719,29.44199944
2720,29.19000053
2721,29.27700043
2722,29.57299995
2723,29.24399948
2724,29.38599968
2725,29.21100044
2726,29.27099991
2727,30.67000008
2728,30.16900063
2729,30.17300034
2730,29.61000061
2731,29.49399948
2732,29.49500084
2733,29.33799934
2734,28.93899918
2735,28.78300095
2736,28.95700073
2737,28.35000038
2738,28.33399963
2739,28.27099991
2740,28.63699913
2741,28.57900047
2742,28.61800003
2743,28.6420002
2744,29.23699951
2745,29.06699944
2746,29.43799973
2747,29.57999992
2748,29.2159996
2749,29.19300079
2750,29.14100075
2751,28.9810009
2752,28.76199913
2753,29.23999977
2754,29.27400017
2755,29.21100044
2756,28.58499908
2757,28.19199944
2758,28.31999969
2759,28.47500038
2760,28.54299927
2761,28.34199905
2762,29.12299919
2763,29.43700027
2764,28.97100067
2765,28.9659996
2766,28.95499992
2767,28.88299942
2768,28.5359993
2769,29.31299973
2770,29.45100021
2771,29.75499916
2772,30.06299973
2773,30.06999969
2774,29.81900024
2775,29.80900002
2776,29.47900009
2777,29.21299934
2778,29.64999962
2779,29.69000053
2780,29.23699951
2781,29.02799988
2782,29.08399963
2783,29.10700035
2784,29.3560009
2785,29.59000015
2786,29.5340004
2787,29.2840004
2788,29.35300064
2789,28.84000015
2790,28.83099937
2791,29.09399986
2792,29.29700089
2793,29.53199959
2794,29.6779995
2795,29.61499977
2796,29.58399963
2797,29.27499962
2798,29.41900063
2799,29.36400032
2800,29.15200043
2801,29.62800026
2802,29.48399925
2803,29.26300049
2804,29.17200089
2805,29.18199921
2806,29.44499969
2807,29.8010006
2808,30.04800034
2809,29.68000031
2810,29.61599922
2811,29.86300087
2812,30.20499992
2813,29.80900002
2814,29.48200035
2815,29.4489994
2816,29.64299965
2817,29.47999954
2818,29.43899918
2819,29.60700035
2820,29.70100021
2821,30.02199936
2822,30.21299934
2823,30.03700066
2824,29.85300064
2825,29.81200027
2826,29.98200035
2827,30.11700058
2828,30.00600052
2829,29.8920002
2830,30.06900024
2831,29.67399979
2832,29.67200089
2833,29.72599983
2834,29.48200035
2835,29.56200027
2836,29.53800011
2837,29.82600021
2838,29.84799957
2839,29.70299911
2840,29.24399948
2841,29.23900032
2842,29.40800095
2843,29.34799957
2844,29.26499939
2845,28.86499977
2846,28.94799995
2847,29.09499931
2848,29.37100029
2849,29.67099953
2850,29.1760006
2851,29.0510006
2852,29.2159996
2853,29.29899979
2854,28.91399956
2855,28.4810009
2856,28.44400024
2857,28.50399971
2858,28.34600067
2859,28.39699936
2860,28.15399933
2861,28.2670002
2862,28.33399963
2863,28.43300056
2864,27.34700012
2865,27.11000061
2866,27.1609993
2867,26.62800026
2868,26.77199936
2869,26.85099983
2870,27.02400017
2871,26.97900009
2872,26.02199936
2873,26.96100044
2874,26.96500015
2875,26.76499939
2876,26.99200058
2877,26.39999962
2878,25.91699982
2879,25.11800003
2880,25.24200058
2881,25.45899963
2882,25.12800026
2883,25.46800041
2884,25.23800087
2885,25.40600014
2886,25.63599968
2887,25.85000038
2888,26.20499992
2889,26.16900063
2890,26.09600067
2891,25.88100052
2892,25.90600014
2893,25.75200081
2894,25.61199951
2895,25.35400009
2896,25.54599953
2897,25.33399963
2898,25.26000023
2899,25.09499931
2900,25.19400024
2901,25.22100067
2902,25.18199921
2903,25.07999992
2904,24.06299973
2905,24.0529995
2906,24.62599945
2907,24.90099907
2908,24.87999916
2909,25.11000061
2910,25.25499916
2911,26.50499916
2912,26.62800026
2913,23.54400063
2914,23.76799965
2915,23.03800011
2916,22.94000053
2917,22.96899986
2918,23.31800079
2919,23.43300056
2920,23.45100021
2921,23.62800026
2922,25.37000084
2923,25.28300095
2924,25.19000053
2925,25.12100029
2926,25.07099915
2927,25.79500008
2928,23.5510006
2929,23.50900078
2930,23.45000076
2931,24.06399918
2932,23.84399986
2933,23.99900055
2934,23.93400002
2935,23.95899963
2936,24.05999947
2937,24.49099922
2938,24.5359993
2939,24.57299995
2940,24.62700081
2941,24.47900009
2942,25.39299965
2943,25.50200081
2944,24.50499916
2945,23.58499908
2946,23.64299965
2947,24.2310009
2948,23.59300041
2949,24.15999985
2950,24.09300041
2951,24.49900055
2952,24.45899963
2953,24.40999985
2954,23.8409996
2955,23.81599998
2956,24.45800018
2957,23.84000015
2958,24.6060009
2959,24.53899956
2960,24.8579998
2961,24.89699936
2962,24.12199974
2963,24.34000015
2964,24.54199982
2965,25.06500053
2966,25.27000046
2967,25.26300049
2968,24.73200035
2969,24.2159996
2970,24.6060009
2971,24.99300003
2972,25.0909996
2973,24.73500061
2974,24.78899956
2975,24.26600075
2976,23.90299988
2977,24.20299911
2978,24.25
2979,24.13400078
2980,24.02599907
2981,23.86499977
2982,23.49200058
2983,22.94099998
2984,23.67900085
2985,23.76600075
2986,24.34600067
2987,24.27199936
2988,24.10400009
2989,24.35199928
2990,23.96500015
2991,23.82500076
2992,23.8560009
2993,23.99300003
2994,23.95999908
2995,24.42300034
2996,24.47699928
2997,24.53899956
2998,24.83499908
2999,25.61199951
3000,25.75600052
3001,25.60899925
3002,25.69799995
3003,25.74099922
3004,25.91200066
3005,25.88999939
3006,26.15299988
3007,26.2329998
3008,26.63599968
3009,26.70000076
3010,26.68000031
3011,26.65200043
3012,26.7689991
3013,26.56800079
3014,26.3920002
3015,26.43600082
3016,26.25699997
3017,26.33499908
3018,26.36300087
3019,26.99600029
3020,27.22599983
3021,27.57299995
3022,27.74399948
3023,27.69099998
3024,27.66600037
3025,27.33600044
3026,26.93099976
3027,26.84700012
3028,26.20400047
3029,25.3029995
3030,26.5359993
3031,26.70800018
3032,27.70899963
3033,27.75399971
3034,27.36899948
3035,27.34499931
3036,27.09399986
3037,26.9810009
3038,26.9260006
3039,26.83600044
3040,26.85099983
3041,27.04599953
3042,27.14299965
3043,27.54299927
3044,27.61400032
3045,27.77700043
3046,27.90299988
3047,27.99399948
3048,28.35199928
3049,28.22599983
3050,27.60899925
3051,27.58699989
3052,27.08699989
3053,26.72500038
3054,26.75399971
3055,26.81399918
3056,26.87899971
3057,26.98500061
3058,28.12700081
3059,27.97999954
3060,28.03000069
3061,28.15200043
3062,28.40999985
3063,28.82799911
3064,28.93400002
3065,28.49500084
3066,28.2689991
3067,28.37899971
3068,28.34300041
3069,28.53100014
3070,28.61300087
3071,28.88800049
3072,28.61700058
3073,28.45199966
3074,28.26199913
3075,27.82999992
3076,28.13199997
3077,28.09700012
3078,27.71899986
3079,27.90500069
3080,28.06800079
3081,28.89299965
3082,29.04999924
3083,29.02700043
3084,29.03199959
3085,29.0189991
3086,28.39800072
3087,28.49699974
3088,28.75699997
3089,28.44400024
3090,28.48699951
3091,28.57699966
3092,28.79299927
3093,28.82500076
3094,29.5189991
3095,29.51499939
3096,29.78899956
3097,29.66600037
3098,29.50799942
3099,29.32299995
3100,29.02899933
3101,29.32500076
3102,29.23999977
3103,29.24500084
3104,29.26600075
3105,28.81500053
3106,28.62700081
3107,28.90500069
3108,29.14699936
3109,29.0170002
3110,29.21199989
3111,28.95999908
3112,28.98900032
3113,28.5340004
3114,28.02000046
3115,29.00399971
3116,28.87199974
3117,29.36000061
3118,29.22200012
3119,28.95800018
3120,29.07699966
3121,28.94300079
3122,29.12999916
3123,29.47100067
3124,29.77000046
3125,29.72299957
3126,29.38299942
3127,29.52499962
3128,30.11899948
3129,30.10000038
3130,29.56999969
3131,29.27400017
3132,29.51799965
3133,29.22500038
3134,29.3579998
3135,29.64500046
3136,29.5720005
3137,29.71699905
3138,29.63100052
3139,29.29999924
3140,29.43700027
3141,29.59499931
3142,29.71999931
3143,29.50499916
3144,29.50399971
3145,29.27199936
3146,29.44400024
3147,29.65600014
3148,29.70599937
3149,29.69599915
3150,29.4260006
3151,29.31999969
3152,29.57900047
3153,29.58499908
3154,30.49900055
3155,30.49200058
3156,30.63400078
3157,30.30200005
3158,30.39599991
3159,29.97500038
3160,29.79599953
3161,29.77700043
3162,29.96299934
3163,29.8390007
3164,29.88299942
3165,30.28899956
3166,29.62800026
3167,29.66600037
3168,30.20100021
3169,30.23399925
3170,30.01300049
3171,29.86899948
3172,29.86599922
3173,29.8010006
3174,29.86800003
3175,30.41500092
3176,30.50499916
3177,30.28300095
3178,29.28300095
3179,29.20999908
3180,29.25200081
3181,29.18600082
3182,29.17900085
3183,29.25
3184,29.19099998
3185,29.1970005
3186,29.02700043
3187,29.08099937
3188,29.34799957
3189,29.35199928
3190,29.4470005
3191,29.51099968
3192,29.51600075
3193,29.34499931
3194,29.31999969
3195,29.21899986
3196,29.30800056
3197,28.34700012
3198,28.29899979
3199,27.98800087
3200,28.45499992
3201,28.32699966
3202,27.97100067
3203,28.26499939
3204,28.18899918
3205,27.91799927
3206,28.06599998
3207,28.1970005
3208,28.40800095
3209,28.58300018
3210,28.71699905
3211,28.22699928
3212,28.30999947
3213,28.45000076
3214,28.37899971
3215,28.33300018
3216,28.98699951
3217,28.79400063
3218,28.4640007
3219,28.62199974
3220,28.48600006
3221,28.48600006
3222,29.1079998
3223,28.92900085
3224,28.78199959
3225,28.67200089
3226,28.35199928
3227,27.54100037
3228,27.6590004
3229,27.94300079
3230,27.90299988
3231,27.16500092
3232,27.10099983
3233,26.76499939
3234,26.32500076
3235,26.3920002
3236,26.94799995
3237,26.88400078
3238,26.82799911
3239,26.87899971
3240,27.2159996
3241,27.28100014
3242,28.1970005
3243,28.20100021
3244,27.95999908
3245,26.86400032
3246,26.7840004
3247,26.56200027
3248,26.08399963
3249,26.37700081
3250,26.09799957
3251,26.68700027
3252,26.45299911
3253,26.72200012
3254,26.83699989
3255,27.18799973
3256,27.24799919
3257,27.08399963
3258,26.57900047
3259,25.27199936
3260,25.60700035
3261,25.52700043
3262,25.42399979
3263,25.30200005
3264,25.12800026
3265,24.85499954
3266,24.6760006
3267,24.31100082
3268,24.4090004
3269,24.28300095
3270,24.68099976
3271,24.76300049
3272,24.67700005
3273,24.64299965
3274,25.3390007
3275,24.53700066
3276,24.48200035
3277,24.45199966
3278,24.50600052
3279,24.42700005
3280,24.64500046
3281,24.66500092
3282,24.72100067
3283,25.14500046
3284,23.71500015
3285,23.89699936
3286,23.61800003
3287,24.25
3288,24.20899963
3289,24.43799973
3290,24.38899994
3291,24.41500092
3292,24.09700012
3293,24.03100014
3294,23.75200081
3295,23.72699928
3296,23.72200012
3297,23.84600067
3298,24.25399971
3299,24.13400078
3300,24.20400047
3301,25.18799973
3302,25.04000092
3303,25.00099945
3304,24.76000023
3305,23.36899948
3306,23.31599998
3307,23.26199913
3308,23.5
3309,23.74200058
3310,24.27099991
3311,24.22800064
3312,24.07900047
3313,24.83300018
3314,24.7310009
3315,24.75900078
3316,24.79700089
3317,24.36400032
3318,24.03300095
3319,23.94799995
3320,23.89699936
3321,23.98900032
3322,23.80599976
3323,23.99500084
3324,24.01300049
3325,23.90200043
3326,24.15299988
3327,24.18600082
3328,24.34300041
3329,24.75600052
3330,24.84600067
3331,24.63500023
3332,24.81699944
3333,24.03000069
3334,24.14500046
3335,24.44099998
3336,24.57099915
3337,24.97500038
3338,23.05752373
3339,22.61219788
3340,22.54400063
3341,23.23399925
3342,23.46199989
3343,23.67499924
3344,24.03899956
3345,24.00399971
3346,24.59499931
3347,24.66200066
3348,24.65699959
3349,24.57099915
3350,23.68899918
3351,23.95000076
3352,23.87199974
3353,24.46699905
3354,24.24699974
3355,24.01300049
3356,23.95700073
3357,24.1420002
3358,24.42000008
3359,24.77300072
3360,24.86899948
3361,25.34300041
3362,25.64100075
3363,25.76199913
3364,25.84900093
3365,25.1609993
3366,24.63299942
3367,24.44300079
3368,24.3920002
3369,24.84000015
3370,25.12899971
3371,24.95199966
3372,25.02599907
3373,25.2329998
3374,25.37100029
3375,24.72299957
3376,25.06900024
3377,25.12599945
3378,24.84399986
3379,24.50300026
3380,24.17000008
3381,24.28100014
3382,24.29100037
3383,23.9109993
3384,24.02799988
3385,24.38500023
3386,25.80699921
3387,25.52799988
3388,24.90099907
3389,25.49500084
3390,26.22200012
3391,26.63400078
3392,27.05200005
3393,27.47699928
3394,27.44000053
3395,27.26399994
3396,26.625
3397,26.53800011
3398,25.99900055
3399,25.99200058
3400,25.24600029
3401,25.28300095
3402,25.13800049
3403,24.82299995
3404,24.84199905
3405,25.08300018
3406,25.94499969
3407,26.01399994
3408,26.26600075
3409,26.66300011
3410,26.65399933
3411,26.45000076
3412,26.46199989
3413,26.38599968
3414,25.92099953
3415,25.83399963
3416,25.95999908
3417,26.35000038
3418,26.58799934
3419,27.12800026
3420,27.7310009
3421,27.28700066
3422,27.11599922
3423,27.27499962
3424,27.80400085
3425,28.12800026
3426,28.08200073
3427,27.95999908
3428,27.21699905
3429,27.25600052
3430,28.06900024
3431,28.04100037
3432,27.91399956
3433,28.28499985
3434,28.69000053
3435,28.48999977
3436,28.6420002
3437,28.41399956
3438,28.3579998
3439,28.93700027
3440,29.44400024
3441,29.48600006
3442,29.56699944
3443,28.53199959
3444,28.77700043
3445,29.08200073
3446,29.22900009
3447,29.46999931
3448,29.70700073
3449,29.80999947
3450,29.41600037
3451,29.1420002
3452,28.80599976
3453,28.95199966
3454,28.76199913
3455,28.67300034
3456,28.62000084
3457,28.6989994
3458,28.75399971
3459,28.91500092
3460,28.89999962
3461,28.47999954
3462,28.21199989
3463,28.34900093
3464,29.09799957
3465,28.58799934
3466,28.43499947
3467,28.1760006
3468,28.30400085
3469,28.35300064
3470,28.37599945
3471,28.99300003
3472,28.38899994
3473,28.92900085
3474,29.18799973
3475,29.45000076
3476,29.67000008
3477,28.92700005
3478,28.91500092
3479,29.03700066
3480,29.22699928
3481,29.29899979
3482,29.03899956
3483,29.12299919
3484,28.79700089
3485,28.38899994
3486,28.38999939
3487,28.66900063
3488,30.32799911
3489,30.15999985
3490,30.05999947
3491,29.49300003
3492,30.22800064
3493,29.63699913
3494,29.72299957
3495,30.06900024
3496,30.29100037
3497,30.37899971
3498,29.52799988
3499,29.75399971
3500,30.56900024
3501,30.65999985
3502,30.82600021
3503,29.96899986
3504,30.1760006
3505,30.21299934
3506,29.82699966
3507,29.02899933
3508,29.01000023
3509,29.26799965
3510,29.55800056
3511,29.71699905
3512,29.80900002
3513,29.99099922
3514,29.90699959
3515,29.89800072
3516,30.7140007
3517,30.99099922
3518,30.70599937
3519,30.43199921
3520,29.61100006
3521,29.58699989
3522,28.97699928
3523,28.76099968
3524,28.87899971
3525,28.89999962
3526,28.9659996
3527,29
3528,28.98600006
3529,28.98200035
3530,29.23200035
3531,29.45199966
3532,29.20199966
3533,29.07099915
3534,29.07099915
3535,29.10899925
3536,29.12800026
3537,29.00499916
3538,29.00300026
3539,29.12999916
3540,29.22999954
3541,29.0189991
3542,29.13500023
3543,29.4489994
3544,28.91799927
3545,28.72599983
3546,29.11800003
3547,29.22400093
3548,29.11100006
3549,29.21899986
3550,29.51300049
3551,29.62100029
3552,30.1760006
3553,30.33200073
3554,30.07500076
3555,28.86000061
3556,28.65800095
3557,28.97999954
3558,29.16200066
3559,28.77499962
3560,28.85000038
3561,29.46199989
3562,29.67399979
3563,29.73200035
3564,29.54299927
3565,29.28499985
3566,29.12599945
3567,29.15999985
3568,29.16500092
3569,29.0739994
3570,28.7840004
3571,29.06699944
3572,29.09900093
3573,29.26499939
3574,29.20499992
3575,29.41399956
3576,29.42099953
3577,29.36599922
3578,29.36400032
3579,28.62800026
3580,28.58300018
3581,28.55400085
3582,28.12599945
3583,28.10000038
3584,28.64500046
3585,28.87100029
3586,28.79899979
3587,28.83799934
3588,29.20700073
3589,29.05999947
3590,28.31900024
3591,28.48200035
3592,28.6079998
3593,28.61199951
3594,28.40299988
3595,27.33600044
3596,27.39699936
3597,27.46299934
3598,27.64500046
3599,27.73500061
3600,27.40200043
3601,27.3939991
3602,27.42300034
3603,27.50600052
3604,27.48600006
3605,27.47200012
3606,27.34199905
3607,27.40299988
3608,27.40500069
3609,26.96199989
3610,26.95700073
3611,27.02899933
3612,26.77300072
3613,27.03199959
3614,26.42700005
3615,26.37100029
3616,26.76399994
3617,26.5359993
3618,26.67000008
3619,26.66399956
3620,26.32500076
3621,26.12800026
3622,25.98600006
3623,25.99600029
3624,26.1079998
3625,26.23500061
3626,26.07999992
3627,25.89299965
3628,26.09399986
3629,26.22200012
3630,26.38699913
3631,26.60700035
3632,26.73200035
3633,26.79999924
3634,25.84000015
3635,25.74399948
3636,25.85000038
3637,25.98699951
3638,26.03100014
3639,26.31699944
3640,26.31299973
3641,25.83399963
3642,25.86000061
3643,25.55200005
3644,25.93300056
3645,25.74799919
3646,25.99900055
3647,25.48999977
3648,25.56900024
3649,25.36100006
3650,25.49200058
3651,25.60000038
3652,25.6609993
3653,25.80200005
3654,25.83600044
3655,25.89599991
3656,24.65099907
3657,24.53100014
3658,24.45700073
3659,24.22299957
3660,24.03300095
3661,25.25499916
3662,25.19300079
3663,25.09199905
3664,25.23800087
3665,24.00399971
3666,24.0529995
3667,24.07500076
3668,23.93300056
3669,23.8409996
3670,24.1779995
3671,24.37199974
3672,24.28100014
3673,24.19599915
3674,24.21800041
3675,24.65299988
3676,24.97400093
3677,23.71199989
3678,23.4090004
3679,23.36400032
3680,23.42499924
3681,23.7840004
3682,23.29299927
3683,22.79400063
3684,22.95800018
3685,22.95400047
3686,23.54500008
3687,23.63100052
3688,23.5529995
3689,22.36700058
3690,22.76000023
3691,22.7689991
3692,22.9090004
3693,22.11300087
3694,22.14999962
3695,23.16799927
3696,23.72800064
3697,23.63500023
3698,23.10099983
3699,23.51600075
3700,22.98399925
3701,23.06299973
3702,23.23999977
3703,22.92000008
3704,23.1590004
3705,22.8220005
3706,23.07099915
3707,23.29999924
3708,23.54000092
3709,23.01000023
3710,23.06200027
3711,22.87899971
3712,22.54199982
3713,22.49399948
3714,22.62700081
3715,21.87199974
3716,22.20299911
3717,22.4090004
3718,23.26300049
3719,23.4260006
3720,23.66200066
3721,23.38400078
3722,23.09399986
3723,22.94000053
3724,23.4829998
3725,23.34700012
3726,22.80900002
3727,22.87999916
3728,22.90699959
3729,22.87700081
3730,23.0170002
3731,22.67300034
3732,22.44199944
3733,22.71699905
3734,22.8029995
3735,23.43400002
3736,23.08399963
3737,23.37400055
3738,22.98999977
3739,22.53700066
3740,22.61400032
3741,23.24300003
3742,23.57999992
3743,23.76799965
3744,23.85000038
3745,24.04199982
3746,24.11700058
3747,25.21299934
3748,25.26199913
3749,25.31500053
3750,24.99200058
3751,25.06999969
3752,24.26000023
3753,24.55599976
3754,25.31900024
3755,25.45599937
3756,25.37199974
3757,25.37299919
3758,26.38599968
3759,26.23399925
3760,26.74300003
3761,26.84300041
3762,26.22100067
3763,25.95700073
3764,25.92200089
3765,26.34000015
3766,26.46699905
3767,26.42099953
3768,26.56699944
3769,26.0890007
3770,26.08799934
3771,26.09700012
3772,26.50699997
3773,26.84900093
3774,26.86899948
3775,27.17499924
3776,27.48399925
3777,27.4659996
3778,27.39999962
3779,27.49099922
3780,28.02300072
3781,27.74399948
3782,27.50799942
3783,27.62299919
3784,27.56800079
3785,27.50399971
3786,27.61800003
3787,27.56699944
3788,27.75799942
3789,27.67000008
3790,27.71699905
3791,27.14800072
3792,27.74200058
3793,27.83300018
3794,27.85700035
3795,27.66600037
3796,27.01399994
3797,27.50399971
3798,28.00499916
3799,28.09199905
3800,28.44400024
3801,28.77099991
3802,28.93300056
3803,28.52000046
3804,27.62100029
3805,27.47699928
3806,27.52899933
3807,27.76199913
3808,27.88800049
3809,28.09399986
3810,28.19000053
3811,28.80599976
3812,28.81299973
3813,28.61400032
3814,29.1439991
3815,28.43400002
3816,28.59799957
3817,28.6760006
3818,28.625
3819,28.44599915
3820,28.35899925
3821,28.13400078
3822,28.39500046
3823,28.42399979
3824,28.42499924
3825,28.35899925
3826,27.16300011
3827,27.6760006
3828,28.59499931
3829,28.39299965
3830,28.33499908
3831,28.72999954
3832,28.94400024
3833,29.52300072
3834,29.88899994
3835,29.70599937
3836,29.68899918
3837,29.28700066
3838,29.5170002
3839,29.25399971
3840,29.08300018
3841,29.31500053
3842,29.29400063
3843,29.50099945
3844,30.08300018
3845,30.1760006
3846,29.48699951
3847,29.2329998
3848,29.20800018
3849,29.23500061
3850,29.31200027
3851,28.67399979
3852,28.74099922
3853,29.18499947
