1,0.13
2,0.15
3,0.07
4,0.29
5,0.01
6,0.53
7,0.32
8,0.26
9,0.26
10,0.11
11,0.25
12,0.07
13,0.11
14,0.08
15,0.07
16,0.04
17,0.14
18,0.05
19,0.09
20,0.33
21,0.16
22,0.28
23,0.27
24,0.03
25,0.43
26,0.2
27,0.26
28,0.3
29,0.24
30,0.3
31,0.15
32,0.03
33,0.12
34,0.12
35,0.3
36,0.18
37,0.09
38,0.24
39,0.21
40,0.13
41,0.21
42,0.24
43,0.18
44,0.05
45,0.2
46,0.19
47,0.18
48,0.23
49,0.04
50,0.17
51,0.2
52,0.19
53,0.23
54,0.16
55,0.18
56,0.04
57,0.37
58,0.18
59,0.43
60,0.1
61,0.11
62,0.2
63,0.08
64,0.1
65,0.02
66,0.35
67,0.06
68,0.19
69,0.25
70,0.04
71,0.06
72,0.04
73,0.03
74,0.08
75,0.06
76,0.11
77,0.02
78,0.04
79,0.05
80,0.1
81,0.08
82,0.09
83,0.04
84,0.08
85,0.07
86,0.03
87,0.16
88,0.04
89,0.04
90,0.11
91,0.09
92,0.02
93,0.05
94,0.03
95,0.04
96,0.04
97,0.06
98,0.08
99,0.03
100,0.06
101,0.03
102,0.03
103,0.16
104,0.08
105,0.05
106,0.04
107,0.08
108,0.03
109,0.04
110,0.12
111,0.02
112,0.01
113,0.03
114,0.11
115,0.03
116,0.03
117,0.08
118,0.07
119,0.07
120,0.07
121,0.06
122,0.03
123,0.04
124,0.16
125,0.02
126,0.03
127,0.03
128,0.06
129,0.21
130,0.21
131,0.11
132,0.22
133,0.16
134,0.19
135,0.06
136,0.14
137,0.15
138,0.23
139,0.15
140,0.1
141,0.07
142,0.15
143,0.14
144,0.21
145,0.17
146,0.18
147,0.2
148,0.15
149,0.08
150,0.12
151,0.19
152,0.14
153,0.14
154,0.25
155,0.64
156,0.08
157,0.2
158,0.21
159,0.19
160,0.12
161,0.14
162,0.16
163,0.16
164,0.21
165,0.09
166,0.27
167,0.04
168,0.12
169,0.11
170,0.11
171,0.09
172,0.39
173,0.26
174,0.23
175,0.15
176,0.13
177,0.26
178,0.17
179,0.17
180,0.63
181,0.13
182,0.36
183,0.12
184,0.11
185,0.11
186,0.15
187,0.17
188,0.52
189,0.07
190,0.07
191,0.13
192,0.19
193,0.35
194,0.48
195,0.15
196,0.05
197,0.07
198,0.1
199,0.24
200,0.27
201,0.09
202,0.33
203,0.14
204,0.11
205,0.08
206,0.15
207,0.38
208,0.16
209,0.17
210,0.24
211,0.15
212,0.25
213,0.16
214,0.31
215,0.11
216,0.05
217,0.04
218,0.09
219,0.07
220,0.06
221,0.2
222,0.04
223,0.1
224,0.26
225,0.09
226,0.23
227,0.13
228,0.06
229,0.09
230,0.68
231,0.12
232,0.05
233,0.07
234,0.03
235,0.11
236,0.03
237,0.06
238,0.08
239,0.14
240,0.1
241,0.24
242,0.19
243,0.23
244,2.81
245,0.17
246,0.16
247,0.72
248,0.29
249,0.7
250,0.13
251,0.09
252,1.98
253,0.13
254,0.16
255,0.04
256,0.21
257,0.12
258,0.1
259,0.59
260,0.05
261,0.11
262,0.09
263,0.09
264,0.11
265,0.22
266,0.1
267,0.09
268,0.17
269,0.15
270,0.31
271,0.21
272,0.07
273,0.43
274,0.35
275,0.2
276,0.21
277,0.16
278,0.15
279,0.06
280,0.15
281,1.99
282,0.06
283,0.12
284,0.06
285,0.06
286,0.19
287,0.16
288,0.12
289,0.14
290,0.21
291,0.14
292,0.09
293,0.14
294,0.51
295,0.17
296,0.07
297,0.05
298,0.05
299,0.15
300,0.11
301,1.19
302,0.06
303,0.02
304,0.13
305,0.06
306,0.07
307,0.09
308,0.06
309,0.11
310,0.08
311,0.05
312,0.03
313,0.03
314,0.1
315,0.13
316,0.06
317,0.29
318,0.07
319,0.05
320,0.16
321,0.29
322,0.07
323,0.04
324,0.1
325,0.03
326,0.06
327,0.11
328,0.09
329,0.02
330,0.09
331,0.08
332,0.06
333,0.07
334,0.02
335,0.14
336,0.12
337,0.03
338,4.93
339,0.09
340,0.05
341,0.08
342,0.26
343,0.03
344,0.14
345,0.02
346,0.07
347,0.11
348,0.2
349,0.06
350,0.16
351,0.13
352,0.21
353,0.09
354,0.22
355,0.16
356,0.32
357,0.06
358,0.09
359,0.1
360,0.14
361,0.07
362,0.1
363,0.09
364,0.09
365,0.09
366,0.08
367,0.09
368,0.1
369,0.1
370,0.09
371,0.15
372,0.16
373,0.04
374,0.08
375,0.03
376,0.15
377,0.13
378,0.03
379,0.02
380,0.16
381,0.14
382,0.04
383,0.02
384,0.05
385,0.08
386,0.02
387,0.09
388,0.07
389,0.08
390,0.04
391,0.02
392,0.14
393,0.04
394,0.03
395,0.05
396,0.15
397,0.16
398,0.16
399,0.17
400,0.11
401,0.17
402,0.2
403,0.19
404,0.06
405,0.15
406,0.15
407,0.12
408,0.22
409,0.23
410,0.16
411,0.13
412,0.14
413,0.13
414,0.11
415,0.12
416,0.11
417,0.13
418,0.23
419,0.41
420,0.26
421,0.1
422,0.13
423,0.17
424,0.16
425,0.14
426,0.15
427,0.11
428,0.07
429,0.18
430,0.1
431,0.03
432,0.01
433,0.05
434,0.01
435,0.02
436,0.04
437,0.13
438,0.18
439,0.1
440,0.03
441,0.14
442,0.05
443,0.12
444,0.02
445,0.03
446,0.02
447,0.03
448,0.03
449,0.03
450,0.04
451,0.04
452,0.09
453,0.1
454,0.12
455,0.15
456,0.16
457,0.15
458,0.16
459,0.14
460,0.18
461,0.14
462,0.19
463,0.09
464,0.07
465,0.15
466,0.14
467,0.2
468,0.04
469,0.05
470,0.2
471,0.02
472,0.06
473,0.06
474,0.12
475,0.11
476,0.13
477,0.43
478,0.25
479,0.15
480,0.16
481,0.15
482,0.03
483,0.09
484,0.17
485,0.15
486,0.16
487,0.16
488,0.14
489,0.14
490,0.19
491,0.18
492,0.15
493,0.1
494,1.06
495,0.21
496,2.29
497,0.31
498,0.23
499,0.2
500,0.94
501,0.22
502,0.2
503,0.15
504,0.18
505,0.14
506,0.17
507,0.44
508,2.01
509,1.54
510,0.36
511,0.22
512,0.78
513,0.29
514,0.59
515,0.16
516,0.14
517,0.18
518,0.14
519,0.18
520,0.17
521,0.18
522,1.97
523,3.32
524,0.3
525,0.33
526,0.15
527,0.2
528,0.21
529,0.68
530,0.19
531,0.17
532,0.14
533,0.34
534,0.14
535,0.18
536,0.14
537,0.13
538,0.17
539,0.09
540,0.13
541,0.14
542,0.18
543,0.26
544,0.18
545,0.16
546,0.25
547,2.12
548,2.17
549,0.32
550,0.19
551,0.15
552,0.1
553,0.14
554,0.23
555,0.11
556,0.12
557,0.17
558,0.14
559,0.14
560,0.14
561,0.58
562,0.15
563,0.12
564,0.13
565,0.2
566,0.19
567,0.16
568,0.16
569,0.23
570,0.21
571,0.13
572,0.15
573,0.08
574,0.22
575,0.36
576,0.03
577,0.14
578,0.11
579,0.24
580,0.18
581,0.1
582,0.13
583,0.09
584,0.16
585,0.1
586,0.13
587,0.09
588,0.04
589,0.05
590,0.06
591,0.09
592,0.1
593,0.08
594,0.16
595,0.17
596,0.07
597,0.15
598,4.9
599,7.4
600,2.12
601,0.2
602,0.05
603,0.14
604,0.03
605,0.11
606,0.15
607,0.19
608,0.16
609,0.05
610,0.07
611,0.06
612,0.21
613,0.06
614,0.09
615,0.14
616,0.31
617,0.15
618,0.77
619,0.31
620,0.04
621,0.09
622,0.18
623,0.06
624,0.06
625,0.07
626,0.05
627,0.14
628,0.06
629,0.08
630,0.15
631,0.04
632,0.46
633,0.04
634,0.05
635,0.07
636,0.04
637,0.07
638,0.2
639,0.17
640,0.25
641,0.09
642,0.06
643,0.03
644,0.14
645,0.03
646,0.07
647,0.1
648,0.08
649,0.37
650,0.04
651,0.05
652,0.07
653,0.09
654,0.12
655,0.15
656,0.24
657,0.08
658,0.07
659,0.04
660,0.14
661,0.07
662,0.05
663,0.09
664,0.03
665,0.14
666,0.04
667,0.08
668,0.11
669,0.11
670,0.08
671,0.05
672,0.05
673,0.28
674,0.04
675,0.08
676,0.11
677,0.12
678,0.02
679,0.1
680,0.04
681,0.04
682,0.03
683,0.02
684,0.06
685,0.04
686,0.08
687,0.03
688,0.05
689,0.08
690,0.17
691,0.2
692,0.12
693,0.1
694,0.05
695,0.22
696,0.16
697,0.1
698,0.05
699,0.11
700,0.05
701,0.03
702,0.16
703,0.14
704,0.24
705,0.1
706,0.29
707,0.11
708,0.11
709,0.26
710,0.1
711,0.1
712,0.1
713,0.19
714,0.34
715,0.22
716,0.18
717,0.15
718,0.16
719,0.06
720,0.2
721,0.12
722,0.09
723,0.13
724,0.09
725,0.17
726,0.09
727,0.16
728,0.09
729,0.33
730,0.27
731,0.05
732,0.03
733,0.11
734,0.2
735,0.06
736,0.2
737,0.05
738,0.8
739,0.16
740,0.29
741,0.26
742,0.2
743,0.27
744,0.12
745,0.06
746,0.04
747,0.07
748,0.23
749,0.22
750,0.02
751,0.09
752,0.07
753,0.05
754,0.13
755,0.15
756,0.04
757,0.09
758,0.11
759,0.13
760,0.1
761,0.02
762,0.06
763,0.16
764,0.15
765,0.18
766,0.37
767,0.08
768,0.05
769,0.04
770,0.11
771,0.06
772,0.19
773,0.76
774,0.45
775,0.07
776,0.04
777,0.02
778,0.04
779,0.22
780,0.08
781,0.11
782,0.07
783,0.03
784,0.15
785,0.11
786,0.04
787,0.02
788,0.08
789,0.04
790,0.13
791,0.04
792,0.37
793,0.03
794,0.09
795,0.05
796,0.03
797,0.09
798,0.17
799,0.06
800,0.17
801,0.11
802,0.05
803,0.14
804,0.15
805,0.43
806,0.05
807,0.35
808,0.13
809,0.05
810,0.05
811,0.09
812,0.06
813,0.1
814,0.03
815,0.05
816,0.16
817,0.03
818,0.03
819,0.03
820,0.11
821,0.15
822,0.16
823,0.53
824,0.06
825,0.04
826,0.06
827,0.03
828,0.03
829,0.22
830,0.06
831,0.09
832,0.09
833,0.05
834,0.06
835,0.02
836,0.08
837,0.13
838,0.2
839,0.15
840,0.14
841,0.27
842,0.03
843,0.06
844,0.05
845,0.24
846,0.19
847,0.15
848,0.1
849,0.14
850,0.1
851,0.04
852,0.1
853,0.13
854,0.09
855,0.19
856,0.09
857,0.08
858,0.05
859,0.03
860,0.03
861,0.6
862,0.2
863,0.19
864,0.21
865,0.23
866,0.29
867,0.23
868,0.17
869,0.6
870,0.23
871,0.28
872,0.23
873,0.21
874,0.2
875,0.2
876,0.2
877,0.17
878,0.22
879,0.16
880,0.04
881,0.18
882,0.17
883,0.09
884,0.16
885,0.21
886,0.08
887,0.39
888,0.16
889,0.34
890,0.13
891,0.21
892,0.19
893,0.22
894,0.13
895,0.3
896,0.3
897,0.16
898,0.17
899,0.19
900,0.41
901,0.32
902,0.2
903,0.25
904,0.2
905,0.36
906,0.22
907,0.22
908,0.17
909,0.14
910,0.34
911,0.89
912,0.26
913,0.42
914,0.26
915,0.23
916,0.16
917,0.26
918,1.02
919,0.22
920,0.12
921,0.61
922,5.8
923,0.19
924,0.26
925,0.09
926,2.15
927,0.12
928,0.71
929,0.6
930,0.21
931,0.08
932,0.17
933,0.16
934,0.25
935,0.14
936,0.17
937,0.19
938,0.22
939,0.25
940,0.15
941,0.29
942,0.21
943,0.21
944,0.23
945,0.21
946,0.22
947,0.24
948,0.31
949,0.15
950,0.21
951,0.17
952,0.26
953,0.16
954,0.25
955,0.19
956,0.22
957,0.23
958,0.2
959,0.21
960,0.24
961,0.19
962,0.15
963,0.13
964,0.19
965,0.31
966,0.34
967,0.34
968,0.25
969,0.2
970,0.18
971,0.98
972,0.19
973,0.21
974,0.24
975,0.18
976,0.22
977,0.17
978,0.15
979,0.15
980,0.27
981,0.16
982,0.14
983,0.46
984,0.17
985,0.2
986,0.24
987,0.12
988,1.39
989,0.26
990,0.12
991,0.15
992,0.12
993,0.46
994,0.18
995,0.16
996,0.19
997,0.24
998,0.14
999,0.12
1000,0.2
1001,0.13
1002,0.16
1003,0.12
1004,0.15
1005,0.18
1006,0.43
1007,0.11
1008,0.21
1009,0.42
1010,0.28
1011,0.18
1012,0.15
1013,0.12
1014,0.08
1015,0.11
1016,0.14
1017,0.14
1018,0.13
1019,0.11
1020,0.14
1021,0.14
1022,0.15
1023,0.14
1024,0.13
1025,0.1
1026,0.1
1027,0.13
1028,0.12
1029,0.11
1030,0.13
1031,0.2
1032,0.1
1033,0.1
1034,0.12
1035,0.15
1036,0.1
1037,0.12
1038,0.16
1039,0.1
1040,0.17
1041,0.13
1042,4.07
1043,0.33
1044,0.16
1045,0.15
1046,0.23
1047,0.05
1048,0.18
1049,0.12
1050,0.14
1051,0.53
1052,0.08
1053,0.15
1054,0.14
1055,0.14
1056,1.66
1057,0.18
1058,0.47
1059,0.31
1060,0.2
1061,0.13
1062,0.12
1063,0.73
1064,0.2
1065,0.06
1066,0.15
1067,0.09
1068,0.22
1069,0.15
1070,0.15
1071,0.17
1072,0.17
1073,0.21
1074,0.23
1075,0.3
1076,0.25
1077,0.18
1078,0.26
1079,0.21
1080,0.11
1081,0.07
1082,0.14
1083,0.09
1084,0.09
1085,0.2
1086,0.11
1087,0.22
1088,0.16
1089,0.1
1090,0.02
1091,0.07
1092,0.13
1093,0.21
1094,0.22
1095,0.19
1096,0.39
1097,0.54
1098,0.21
1099,0.19
1100,0.23
1101,0.19
1102,0.22
1103,0.04
1104,0.03
1105,0.02
1106,0.03
1107,0.02
1108,0.13
1109,0.05
1110,0.16
1111,0.2
1112,0.1
1113,0.14
1114,0.07
1115,0.18
1116,0.15
1117,0.19
1118,0.05
1119,0.08
1120,0.05
1121,0.03
1122,0.02
1123,0.02
1124,0.01
1125,0.02
1126,0.12
1127,0.23
1128,0.13
1129,0.07
1130,0.04
1131,0.02
1132,0.05
1133,0.03
1134,0.1
1135,0.04
1136,0.04
1137,0.09
1138,0.14
1139,0.14
1140,0.16
1141,0.12
1142,0.11
1143,0.19
1144,0.03
1145,0.04
1146,0.04
1147,0.22
1148,0.2
1149,0.8
1150,0.13
1151,0.09
1152,0.15
1153,0.11
1154,0.13
1155,1.03
1156,0.09
1157,0.11
1158,0.11
1159,0.18
1160,0.14
1161,0.19
1162,0.07
1163,0.04
1164,0.16
1165,0.1
1166,0.13
1167,0.02
1168,0.03
1169,0.02
1170,0.02
1171,0.04
1172,0.01
1173,0.07
1174,0.04
1175,0.06
1176,0.01
1177,0.04
1178,0.01
1179,0.01
1180,0.04
1181,0.05
1182,0.11
1183,0.01
1184,0.06
1185,0.02
1186,0.03
1187,0.02
1188,0.03
1189,0.03
1190,0.12
1191,0.04
1192,0.51
1193,0.05
1194,0.1
1195,0.03
1196,0.08
1197,0.02
1198,0.03
1199,0.04
1200,0.05
1201,0.15
1202,0.02
1203,0.05
1204,0.02
1205,0.03
1206,0.14
1207,0.1
1208,0.12
1209,0.11
1210,0.23
1211,0.09
1212,0.16
1213,0.25
1214,0.18
1215,0.11
1216,1.88
1217,0.26
1218,0.12
1219,0.11
1220,1.98
1221,2.08
1222,0.12
1223,0.12
1224,0.1
1225,0.16
1226,0.09
1227,0.16
1228,0.18
1229,0.09
1230,0.14
1231,0.11
1232,0.18
1233,0.15
1234,0.18
1235,0.14
1236,0.29
1237,0.16
1238,0.11
1239,0.15
1240,0.14
1241,0.16
1242,0.25
1243,0.16
1244,1.09
1245,0.19
1246,0.06
1247,0.17
1248,0.21
1249,0.2
1250,0.13
1251,0.19
1252,0.15
1253,0.09
1254,0.12
1255,0.36
1256,0.94
1257,0.13
1258,0.12
1259,0.18
1260,0.18
1261,0.15
1262,0.3
1263,0.14
1264,0.13
1265,0.15
1266,0.15
1267,0.16
1268,0.08
1269,0.13
1270,0.13
1271,0.67
1272,0.12
1273,0.15
1274,0.16
1275,0.2
1276,0.05
1277,0.13
1278,0.13
1279,0.11
1280,0.09
1281,0.02
1282,0.05
1283,0.1
1284,0.03
1285,0.02
1286,0.1
1287,0.08
1288,0.09
1289,0.07
1290,0.08
1291,0.14
1292,0.17
1293,0.06
1294,0.03
1295,0.06
1296,0.06
1297,0.08
1298,0.03
1299,0.04
1300,0.06
1301,0.03
1302,0.16
1303,0.12
1304,0.32
1305,0.18
1306,0.13
1307,0.19
1308,0.11
1309,0.15
1310,0.04
1311,0.06
1312,0.05
1313,0.06
1314,0.09
1315,0.18
1316,0.14
1317,0.09
1318,0.17
1319,0.21
1320,0.24
1321,0.27
1322,0.11
1323,0.31
1324,0.22
1325,3.72
1326,7.59
1327,0.18
1328,0.28
1329,0.3
1330,0.54
1331,0.77
1332,0.29
1333,0.14
1334,0.05
1335,0.07
1336,0.02
1337,0.03
1338,0.85
1339,0.22
1340,0.27
1341,0.2
1342,0.08
1343,0.12
1344,0.11
1345,0.1
1346,0.36
1347,0.16
1348,0.02
1349,0.17
1350,0.1
1351,0.05
1352,0.03
1353,0.04
1354,0.04
1355,0.03
1356,0.1
1357,0.03
1358,0.04
1359,0.02
1360,0.13
1361,0.14
1362,0.04
1363,0.2
1364,0.16
1365,0.1
1366,0.16
1367,0.11
1368,0.09
1369,0.1
1370,0.04
1371,0.03
1372,0.05
1373,0.1
1374,0.25
1375,0.74
1376,0.15
1377,0.08
1378,0.11
1379,0.1
1380,0.13
1381,0.13
1382,0.67
1383,0.1
1384,0.09
1385,0.11
1386,0.12
1387,0.66
1388,0.27
1389,0.09
1390,0.14
1391,0.09
1392,0.09
1393,0.08
1394,0.73
1395,0.32
1396,0.16
1397,0.39
1398,1.07
1399,0.59
1400,0.46
1401,0.37
1402,1.18
1403,2.65
1404,1.77
1405,0.11
1406,0.12
1407,0.17
1408,0.33
1409,0.22
1410,0.09
1411,0.1
1412,0.27
1413,0.11
1414,2.2
1415,2.2
1416,1.07
1417,1.64
1418,2.09
1419,0.23
1420,0.78
1421,0.32
1422,0.12
1423,0.12
1424,0.17
1425,0.15
1426,0.09
1427,0.16
1428,0.07
1429,0.7
1430,0.14
1431,0.02
1432,0.06
1433,0.36
1434,0.17
1435,0.2
1436,0.16
1437,0.41
1438,0.16
1439,0.29
1440,3.77
1441,1.43
1442,0.27
1443,0.2
1444,0.5
1445,0.14
1446,0.13
1447,0.13
1448,0.13
1449,0.13
1450,0.15
1451,0.12
1452,0.1
1453,0.2
1454,0.17
1455,0.14
1456,2.16
1457,0.16
1458,0.16
1459,0.18
1460,0.3
1461,2.22
1462,0.15
1463,0.16
1464,0.33
1465,0.24
1466,0.99
1467,0.18
1468,0.14
1469,0.18
1470,0.17
1471,0.2
1472,0.16
1473,0.13
1474,0.28
1475,1.53
1476,0.24
1477,0.2
1478,0.16
1479,0.06
1480,0.05
1481,0.06
1482,0.08
1483,0.21
1484,0.05
1485,0.13
1486,0.07
1487,0.06
1488,0.16
1489,0.15
1490,0.15
1491,0.08
1492,0.13
1493,0.03
1494,0.27
1495,0.13
1496,0.04
1497,0.07
1498,0.21
1499,0.09
1500,0.07
1501,0.09
1502,0.05
1503,0.15
1504,0.09
1505,0.06
1506,0.1
1507,0.09
1508,0.04
1509,0.02
1510,0.06
1511,0.16
1512,0.03
1513,0.04
1514,0.04
1515,0.04
1516,0.36
1517,0.06
1518,0.18
1519,0.13
1520,0.04
1521,0.03
1522,0.04
1523,0.16
1524,0.17
1525,0.22
1526,0.04
1527,0.04
1528,0.14
1529,0.21
1530,0.23
1531,0.19
1532,2.85
1533,0.05
1534,0.04
1535,0.02
1536,0.05
1537,0.16
1538,0.03
1539,0.04
1540,0.1
1541,0.09
1542,0.17
1543,0.12
1544,0.2
1545,0.13
1546,0.15
1547,0.16
1548,0.16
1549,0.17
1550,0.18
1551,0.11
1552,0.14
1553,0.11
1554,0.18
1555,0.03
1556,0.08
1557,0.02
1558,0.29
1559,0.11
1560,0.08
1561,0.07
1562,0.09
1563,0.64
1564,0.1
1565,0.06
1566,0.06
1567,0.04
1568,0.04
1569,0.12
1570,0.53
1571,0.36
1572,0.16
1573,0.07
1574,0.09
1575,0.11
1576,0.06
1577,0.08
1578,0.09
1579,0.12
1580,0.12
1581,0.07
1582,0.29
1583,0.1
1584,0.07
1585,0.03
1586,0.07
1587,0.22
1588,0.13
1589,0.04
1590,0.08
1591,0.6
1592,0.14
1593,0.17
1594,0.09
1595,0.09
1596,0.04
1597,0.11
1598,0.28
1599,0.15
1600,0.07
1601,0.11
1602,0.11
1603,0.15
1604,0.02
1605,0.06
1606,0.23
1607,0.11
1608,0.04
1609,0.01
1610,0.05
1611,0.19
1612,0.17
1613,0.05
1614,0.01
1615,0.08
1616,0.07
1617,0.06
1618,0.03
1619,0.11
1620,0.07
1621,0.04
1622,0.16
1623,0.04
1624,0.06
1625,0.09
1626,0.04
1627,0.07
1628,0.02
1629,0.14
1630,0.1
1631,0.14
1632,0.1
1633,0.1
1634,0.06
1635,0.15
1636,0.2
1637,0.02
1638,0.12
1639,0.03
1640,0.71
1641,0.11
1642,0.12
1643,0.03
1644,0.15
1645,0.2
1646,0.19
1647,0.1
1648,0.01
1649,0.02
1650,0.29
1651,0.35
1652,0.32
1653,0.12
1654,0.11
1655,0.28
1656,0.15
1657,0.24
1658,0.09
1659,0.07
1660,0.12
1661,0.2
1662,0.06
1663,0.19
1664,0.18
1665,0.19
1666,0.24
1667,0.08
1668,0.29
1669,0.33
1670,0.21
1671,0.05
1672,0.11
1673,0.12
1674,0.14
1675,0.14
1676,0.09
1677,0.12
1678,0.12
1679,0.15
1680,0.14
1681,0.16
1682,0.24
1683,0.14
1684,0.05
1685,0.1
1686,0.09
1687,0.09
1688,0.32
1689,0.17
1690,0.26
1691,0.08
1692,0.07
1693,0.04
1694,0.24
1695,0.14
1696,0.2
1697,0.11
1698,0.13
1699,0.17
1700,0.08
1701,0.06
1702,0.06
1703,0.7
1704,0.14
1705,0.45
1706,0.13
1707,0.1
1708,1.74
1709,0.04
1710,0.11
1711,7.6
1712,0.07
1713,0.13
1714,0.18
1715,0.14
1716,1.88
1717,0.08
1718,1.65
1719,0.15
1720,0.13
1721,0.14
1722,0.09
1723,0.02
1724,0.11
1725,0.14
1726,0.17
1727,0.15
1728,0.1
1729,0.12
1730,0.19
1731,0.13
1732,0.2
1733,0.04
1734,0.1
1735,0.13
1736,12
1737,0.29
1738,0.15
1739,0.2
1740,0.23
1741,0.49
1742,0.19
1743,0.31
1744,0.48
1745,0.28
1746,0.2
1747,2.56
1748,37.6
1749,0.12
1750,1.39
1751,0.24
1752,1.33
1753,0.22
1754,0.09
1755,0.26
1756,0.24
1757,0.32
1758,0.42
1759,0.05
1760,0.15
1761,0.22
1762,0.15
1763,0.15
1764,0.06
1765,0.16
1766,0.19
1767,9.72
1768,0.56
1769,0.15
1770,0.33
1771,0.19
1772,0.18
1773,0.05
1774,0.09
1775,0.03
1776,0.1
1777,0.15
1778,0.07
1779,0.1
1780,0.15
1781,0.06
1782,0.05
1783,0.12
1784,0.04
1785,0.15
1786,0.08
1787,0.18
1788,0.05
1789,0.32
1790,0.13
1791,0.24
1792,0.19
1793,0.14
1794,0.12
1795,0.06
1796,0.08
1797,0.27
1798,0.03
1799,0.02
1800,0.04
1801,0.36
1802,0.05
1803,0.02
1804,0.02
1805,0.05
1806,0.12
1807,0.17
1808,0.07
1809,0.11
1810,0.91
1811,0.08
1812,0.05
1813,0.07
1814,0.05
1815,0.08
1816,0.09
1817,0.12
1818,0.11
1819,0.09
1820,0.12
1821,0.07
1822,0.14
1823,0.12
1824,0.08
1825,0.11
1826,0.04
1827,0.14
1828,0.16
1829,0.05
1830,0.04
1831,0.33
1832,0.15
1833,0.18
1834,0.12
1835,0.03
1836,0.02
1837,0.04
1838,0.05
1839,0.11
1840,0.14
1841,0.3
1842,0.1
1843,0.29
1844,0.11
1845,0.06
1846,0.08
1847,0.09
1848,0.06
1849,0.06
1850,0.08
1851,0.11
1852,0.36
1853,0.08
1854,0.12
1855,1.08
1856,4.95
1857,0.05
1858,0.04
1859,0.11
1860,0.1
1861,0.12
1862,0.15
1863,0.21
1864,0.43
1865,0.52
1866,0.3
1867,0.53
1868,0.13
1869,0.37
1870,0.26
1871,0.18
1872,0.12
1873,0.11
1874,0.12
1875,0.13
1876,0.05
1877,0.13
1878,0.23
1879,0.09
1880,0.06
1881,0.24
1882,0.13
1883,0.12
1884,0.14
1885,0.24
1886,0.17
1887,0.09
1888,0.13
1889,0.12
1890,0.06
1891,0.04
1892,0.08
1893,0.14
1894,0.11
1895,0.11
1896,0.11
1897,0.22
1898,0.14
1899,0.13
1900,0.12
1901,0.17
1902,0.18
1903,0.16
1904,2.14
1905,0.28
1906,0.31
1907,0.18
1908,0.51
1909,0.22
1910,0.14
1911,0.38
1912,0.31
1913,0.18
1914,0.11
1915,0.19
1916,1.06
1917,0.23
1918,0.23
1919,0.13
1920,0.13
1921,0.08
1922,0.21
1923,0.29
1924,0.13
1925,0.05
1926,0.09
1927,0.32
1928,0.31
1929,0.32
1930,0.12
1931,0.16
1932,0.11
1933,0.68
1934,0.26
1935,0.61
1936,0.12
1937,0.17
1938,0.15
1939,0.13
1940,16.8
1941,0.22
1942,0.13
1943,0.05
1944,0.18
1945,0.13
1946,0.06
1947,0.03
1948,0.01
1949,0.08
1950,0.11
1951,0.06
1952,0.13
1953,0.09
1954,0.16
1955,0.21
1956,0.4
1957,0.12
1958,1.25
1959,0.32
1960,0.17
1961,0.12
1962,0.12
1963,0.07
1964,0.03
1965,0.08
1966,0.09
1967,0.34
1968,0.05
1969,0.16
1970,0.07
1971,0.09
1972,0.22
1973,0.27
1974,0.24
1975,0.7
1976,0.43
1977,0.2
1978,0.26
1979,0.18
1980,0.15
1981,0.07
1982,0.06
1983,0.26
1984,0.17
1985,0.17
1986,0.3
1987,0.22
1988,0.05
1989,0.2
1990,0.06
1991,0.15
1992,0.22
1993,0.08
1994,18.6
1995,0.17
1996,0.1
1997,0.24
1998,0.43
1999,0.28
2000,1.36
2001,0.16
2002,0.18
2003,0.36
2004,0.12
2005,0.36
2006,0.14
2007,0.12
2008,0.2
2009,0.16
2010,0.69
2011,0.4
2012,0.11
2013,0.24
2014,0.23
2015,0.11
2016,0.13
2017,0.17
2018,0.15
2019,0.11
2020,13.7
2021,0.08
2022,0.2
2023,0.06
2024,0.76
2025,0.1
2026,0.13
2027,0.24
2028,0.12
2029,0.11
2030,0.1
2031,0.32
2032,0.26
2033,0.04
2034,0.14
2035,0.02
2036,0.14
2037,0.07
2038,0.09
2039,0.12
2040,0.07
2041,0.15
2042,0.09
2043,0.85
2044,0.1
2045,0.05
2046,0.4
2047,0.28
2048,0.17
2049,0.05
2050,0.13
2051,0.1
2052,0.14
2053,0.08
2054,0.13
2055,0.07
2056,0.05
2057,0.21
2058,0.12
2059,0.18
2060,0.05
2061,0.07
2062,0.11
2063,0.13
2064,0.14
2065,0.23
2066,0.13
2067,0.15
2068,0.4
2069,0.15
2070,0.06
2071,0.07
2072,0.1
2073,0.21
2074,0.05
2075,0.12
2076,0.08
2077,0.05
2078,0.23
2079,0.07
2080,0.21
2081,0.09
2082,0.14
2083,0.07
2084,0.06
2085,0.06
2086,0.09
2087,0.08
2088,0.07
2089,0.06
2090,0.08
2091,0.31
2092,0.02
2093,0.05
2094,0.11
2095,0.15
2096,0.07
2097,0.02
2098,0.05
2099,0.05
2100,0.06
2101,0.05
2102,0.2
2103,0.44
2104,0.56
2105,0.06
2106,0.25
2107,0.08
2108,0.09
2109,0.2
2110,0.21
2111,0.03
2112,0.04
2113,0.22
2114,0.09
2115,0.09
2116,0.06
2117,0.09
2118,0.35
2119,0.02
2120,0.12
2121,0.22
2122,0.12
2123,0.01
2124,0.16
2125,0.02
2126,0.12
2127,0.16
2128,0.08
2129,0.09
2130,0.16
2131,0.05
2132,0.1
2133,0.09
2134,0.4
2135,0.15
2136,0.06
2137,0.19
2138,0.17
2139,0.07
2140,0.05
2141,0.06
2142,0.09
2143,0.06
2144,0.07
2145,0.19
2146,15.88
2147,0.09
2148,0.1
2149,0.19
2150,0.05
2151,0.09
2152,0.31
2153,0.04
2154,0.04
2155,0.05
2156,0.09
2157,0.08
2158,0.06
2159,0.08
2160,0.09
2161,0.05
2162,0.09
2163,0.09
2164,0.04
2165,0.06
2166,0.05
2167,0.04
2168,0.04
2169,0.1
2170,0.03
2171,0.07
2172,0.06
2173,0.07
2174,0.07
2175,0.06
2176,0.08
2177,0.12
2178,0.06
2179,0.05
2180,0.13
2181,0.09
2182,0.12
2183,0.21
2184,0.26
2185,0.04
2186,0.11
2187,0.06
2188,0.02
2189,0.02
2190,0.09
2191,0.13