1,0.426058024
2,0.633497
3,0.627744913
4,0.613944292
5,0.579562247
6,0.756881654
7,1.273793817
8,0.852141201
9,0.789101541
10,0.789101541
11,0.596895099
12,0.408421397
13,0.494989336
14,0.388311028
15,0.397093505
16,0.755917072
17,0.819992065
18,0.60122782
19,0.522288322
20,0.689254761
21,0.689253867
22,0.528461397
23,0.56153059
24,0.521994472
25,0.657729268
26,0.657902956
27,0.326001048
28,0.467581362
29,0.489961177
30,0.379804552
31,0.380256891
32,0.37647298
33,0.407522649
34,0.418475509
35,0.423432529
36,0.398956418
37,0.391706526
38,0.391707242
39,0.941638529
40,0.946024299
41,1.008369327
42,1.008369207
43,0.606441438
44,0.606441438
45,0.620427907
46,0.513407052
47,0.480019718
48,0.424514383
49,0.517738342
50,0.467253417
51,0.840158343
52,0.471613109
53,0.41080457
54,0.653184175
55,0.729815364
56,0.729815483
57,0.458615035
58,0.868248403
59,0.684671462
60,0.629134417
61,0.6134547
62,0.487564057
63,0.652194142
64,0.652194142
65,1.084924698
66,0.394253492
67,0.481312156
68,0.655897856
69,0.430897504
70,0.296864718
71,0.234895974
72,0.246986285
73,0.246902987
74,0.345997423
75,0.282899886
76,0.229607537
77,0.418376446
78,0.418376446
79,0.400458187
80,0.40969792
81,0.40969792
82,0.245826483
83,0.217546239
84,0.594703078
85,0.437252939
86,0.53690654
87,0.458310246
88,0.313991308
89,0.30572167
90,0.300852984
91,0.318538278
92,0.19894959
93,0.214437589
94,0.268383682
95,0.404862344
96,0.321371228
97,0.283900708
98,0.287999153
99,0.214340091
100,0.214293852
101,0.364785522
102,0.387043267
103,0.184320793
104,0.180525079
105,0.172560081
106,0.235659391
107,0.213128656
108,0.322871447
109,0.322872847
110,0.320455015
111,0.310116768
112,0.370977163
113,0.339645624
114,0.46505484
115,0.464963436
116,0.450243175
117,0.364456773
118,0.427475005
119,0.338793933
120,0.33889389
121,0.338923782
122,0.32649526
123,0.20714508
124,0.206912413
125,0.20888716
126,0.169703394
127,0.30136475
128,0.36661756
129,0.366397828
130,0.369673908
131,0.478061169
132,0.566884637
133,0.571232378
134,0.548810363
135,0.561124861
136,0.561125398
137,0.561125398
138,0.53573519
139,0.535783172
140,0.244376644
141,0.174407542
142,0.172140881
143,0.297430992
144,0.180318728
145,0.186217695
146,0.473040372
147,0.473090678
148,0.476949334
149,0.29497087
150,0.401568353
151,0.208684444
152,0.29496032
153,0.29496032
154,0.634171903
155,0.634069562
156,0.29350704
157,0.294677556
158,0.294678211
159,0.298893094
160,0.259602338
161,0.223897666
162,0.237281799
163,0.242551923
164,0.382950515
165,0.28092128
166,0.519509912
167,0.266074866
168,0.273276091
169,1.546698213
170,1.489983559
171,1.489619255
172,0.741847515
173,0.755075753
174,0.719156981
175,2.181275368
176,2.128424406
177,0.763787746
178,2.068550587
179,1.207651615
180,3.248364687
181,3.223590136
182,1.571793914
183,1.738969684
184,2.440037966
185,2.440041304
186,3.024470568
187,3.027465343
188,3.188393354
189,1.20021522
190,1.247343659
191,1.238417387
192,1.245936751
193,0.681344688
194,0.694124877
195,1.551627755
196,1.555917144
197,1.833894253
198,1.797899127
199,4.455548286
200,4.377322674
201,4.383189201
202,2.864987135
203,2.290356398
204,1.897081017
205,1.18534255
206,0.937209189
207,0.859483659
208,1.281625509
209,1.294325352
210,1.489235997
211,1.138566017
212,0.965841353
213,1.023110271
214,2.429284334
215,1.965604067
216,1.019292712
217,1.080127358
218,1.074135423
219,1.084559798
220,0.62859273
221,0.602832913
222,0.602832258
223,0.597957909
224,0.591755092
225,4.88252306
226,4.744935036
227,6.510300159
228,6.487365723
229,5.601107597
230,5.13130188
231,3.939428091
232,3.957184792
233,4.732584
234,4.100230694
235,4.332963467
236,3.770334721
237,9.570798874
238,6.344287395
239,4.602809906
240,4.336669445
241,13.96906757
242,5.011525154
243,5.007139683
244,7.534896851
245,3.382880926
246,3.168965101
247,5.522315025
248,2.559071779
249,1.298786044
250,1.12081778
251,2.39265132
252,2.389442921
253,2.175630331
254,1.555185795
255,1.432561398
256,1.362929583
257,7.108468056
258,6.364714622
259,6.364714146
260,4.227705479
261,2.016085148
262,1.616063476
263,0.575009763
264,0.562230408
265,0.5486691
266,0.41178298
267,0.300674409
268,0.309364229
269,0.357130051
270,0.691405892
271,1.919063926
272,1.91906321
273,1.861285806
274,1.705828428
275,0.47229901
276,0.424884409
277,0.423861772
278,0.339734197
279,0.441855818
280,0.849191904
281,0.445272148
282,0.379708916
283,0.286347657
284,0.463521302
285,0.783959746
286,0.735101223
287,0.449214756
288,0.581508517
289,3.373352289
290,1.645820737
291,1.946053028
292,1.602682948
293,2.992028475
294,1.248137474
295,0.949696958
296,5.596191406
297,2.311065912
298,2.596745729
299,1.924273133
300,0.747107744
301,0.747107744
302,0.990080953
303,1.008173227
304,1.01842165
305,1.491836309
306,1.491836905
307,1.492506862
308,1.122600317
309,0.635505021
310,0.657571018
311,0.680606902
312,0.923645437
313,0.771317542
314,1.953134656
315,0.800313115
316,0.800313115
317,0.671231687
318,0.753438771
319,0.591995299
320,0.455894053
321,0.450404584
322,0.772128999
323,0.822009206
324,0.473797143
325,0.450484306
326,0.445503175
327,0.757766366
328,0.457996607
329,0.305173486
330,0.279616803
331,0.287625253
332,0.222396359
333,0.256624579
334,0.316313237
335,0.77540797
336,0.77540797
337,0.756236136
338,0.776500165
339,0.813560247
340,0.605644882
341,0.567395151
342,0.583373666
343,0.871023655
344,0.619053483
345,0.687872827
346,0.39214009
347,0.383668482
348,0.383658886
349,0.465780407
350,0.465780258
351,0.456517607
352,0.393146455
353,0.391577691
354,0.412352443
355,0.43643716
356,0.382493943
357,0.390147507
358,0.397753537
359,0.311569214
360,0.313903868
361,0.366404772
362,0.383027822
363,0.518280387
364,0.489991665
365,0.404968649
366,0.390473545
367,0.390899181
368,0.547653556
369,0.569827437
370,0.640927076
371,0.35125953
372,0.556231439
373,0.556231678
374,0.328628361
375,0.49398905
376,0.483116597
377,0.548988223
378,0.548984826
379,0.486296505
380,0.476301908
381,0.507360458
382,0.774124026
383,0.774126112
384,0.522151232
385,0.372214764
386,0.708071053
387,0.457994699
388,0.332080334
389,0.228256568
390,0.511347413
391,0.511347413
392,0.346734613
393,0.257380605
394,0.405104339
395,0.455549628
396,0.576252997
397,0.838012516
398,0.592648327
399,0.711711764
400,0.602381885
401,0.602365911
402,0.587288439
403,0.587298334
404,0.587298334
405,0.583968699
406,0.566300511
407,0.717578471
408,0.732495368
409,0.734093606
410,0.773873568
411,0.767995179
412,0.434356987
413,0.2839185
414,0.285907
415,0.453519851
416,0.480815887
417,0.497827917
418,0.497827917
419,0.512135446
420,0.685474575
421,0.680269539
422,0.653202891
423,0.629748106
424,0.525694788
425,0.525694788
426,0.525694788
427,0.554261446
428,0.560055256
429,0.560055256
430,0.205143541
431,0.237646535
432,0.208682686
433,0.356185138
434,0.383284539
435,0.383221537
436,0.380426258
437,0.188411742
438,0.176624045
439,0.23641175
440,0.242402971
441,0.242402971
442,0.242508769
443,0.244554326
444,0.240972459
445,0.239929765
446,0.243292645
447,0.250993967
448,0.238827825
449,0.239636809
450,0.239877015
451,0.24136655
452,0.245812476
453,0.24372986
454,0.244087592
455,0.236508325
456,0.108353786
457,0.110883974
458,0.113286741
459,0.11593166
460,0.114249706
461,0.117796011
462,0.117710926
463,0.121364444
464,0.135933354
465,0.129728287
466,0.146427795
467,0.239548951
468,0.242652759
469,0.246332899
470,0.249360055
471,0.257434666
472,0.255203426
473,0.254831612
474,0.252473623
475,0.259793311
476,0.26219514
477,0.259182662
478,0.259289384
479,0.259488642
480,0.25914371
481,0.284675837
482,0.321112573
483,0.321112931
484,0.416832209
485,0.403745741
486,0.341380984
487,0.276380777
488,0.449957848
489,0.586557508
490,0.509286582
491,0.741110623
492,0.33454299
493,0.320006579
494,0.394226015
495,0.382773787
496,0.384449333
497,0.49076885
498,0.831186175
499,0.841079831
500,0.789289773
501,0.458607137
502,0.866755724
503,0.371799529
504,0.363855839
505,0.363823831
506,0.740465999
507,0.59439081
508,0.627007544
509,0.789228499
510,1.199775457
511,3.095813274
512,3.832532644
513,4.078028202
514,4.450918674
515,2.699878454
516,2.005326509
517,1.983013749
518,0.438598514
519,1.062538385
520,0.757638633
521,0.757248223
522,0.24221541
523,0.242064342
524,0.297350615
525,0.361854345
526,0.289654225
527,1.034038544
528,1.068315864
529,6.532715321
530,7.392795563
531,7.392795563
532,2.347322464
533,0.657405496
534,0.835806906
535,0.38126111
536,0.37705344
537,1.232414603
538,1.180304289
539,2.416939497
540,0.795594037
541,1.830320001
542,1.518570065
543,0.62924397
544,1.83962667
545,2.123103857
546,3.973457575
547,3.973437309
548,1.068180084
549,0.747050643
550,0.861831307
551,1.056966424
552,1.056966424
553,1.061987042
554,0.80570966
555,0.709233105
556,0.77023232
557,0.780720353
558,0.739055395
559,0.928942204
560,0.368524045
561,0.306244254
562,1.08093369
563,1.080924988
564,1.080362916
565,0.83135283
566,0.837499559
567,0.837495983
568,0.7981897
569,0.861158431
570,0.886391163
571,1.06895411
572,2.37977767
573,2.328834534
574,2.252911568
575,2.247197866
576,1.440566778
577,2.453520298
578,2.252473116
579,2.252470016
580,1.963680506
581,2.796099186
582,1.34788835
583,0.940240204
584,0.95675832
585,0.874796987
586,0.768605232
587,0.759928882
588,0.783855677
589,0.843140483
590,0.811825275
591,0.771360576
592,0.779740691
593,1.066467762
594,1.055297256
595,1.072758794
596,1.069025278
597,1.131251693
598,3.35529542
599,3.3546381
600,2.51051569
601,4.134453297
602,4.25024271
603,2.243828297
604,3.097558498
605,6.021981716
606,5.530136108
607,4.951831341
608,4.221009254
609,6.46788168
610,1.93633306
611,1.642366409
612,3.05235219
613,3.052351952
614,3.05235672
615,1.454296947
616,1.454297185
617,1.145292878
618,0.679843485
619,1.287043452
620,0.572991669
621,1.762445092
622,0.69998312
623,1.624595642
624,1.624595642
625,0.808462262
626,0.863687158
627,0.739213467
628,0.906760991
629,0.906760991
630,0.908218384
631,0.942671478
632,1.131676674
633,0.46890837
634,0.469688058
635,0.466891885
636,0.43752709
637,0.861780405
638,0.586149037
639,0.586149037
640,1.169909358
641,3.399413347
642,1.351703405
643,1.54377389
644,1.011211157
645,1.011211157
646,0.970401943
647,0.96258831
648,0.714252949
649,0.979274273
650,0.994888902
651,0.98747623
652,1.00188303
653,1.138172746
654,2.235775471
655,2.09391284
656,1.823629737
657,1.21953392
658,0.970795989
659,0.798505962
660,0.74600172
661,0.63415134
662,0.582628965
663,0.582666516
664,0.546358526
665,0.484745443
666,0.657157063
667,0.864744723
668,1.226586819
669,1.26783061
670,2.536689997
671,1.192425489
672,1.015114665
673,1.123697996
674,1.120723844
675,0.668251693
676,0.667737186
677,0.536189914
678,0.557528913
679,0.556320965
680,0.62183392
681,0.770234942
682,0.756428778
683,0.660496593
684,0.646450996
685,0.646693587
686,1.044730067
687,1.338852644
688,1.914037585
689,2.630684137
690,1.827477336
691,1.048578978
692,0.816813111
693,0.452384055
694,0.512873948
695,0.71051079
696,0.393067718
697,0.393038273
698,0.729549348
699,0.706874311
700,0.577241719
701,0.941551566
702,0.920312107
703,1.72299397
704,0.873136401
705,0.647476315
706,0.56656146
707,0.888627529
708,0.891638398
709,1.693869352
710,1.16663599
711,0.695465446
712,0.901071668
713,0.740891278
714,0.517214835
715,0.607884884
716,0.857399464
717,0.740502954
718,0.797053218
719,0.718658268
720,0.7712183
721,1.117247462
722,0.3513363
723,0.374780208
724,0.837551475
725,1.121465802
726,1.121465802
727,1.402586102
728,1.402586102
729,0.860998571
730,1.391053796
731,0.835458577
732,0.709279001
733,0.708290994
734,0.64260596
735,0.533612251
736,0.540195227
737,0.544707239
738,0.682412624
739,0.864965379
740,0.57969135
741,0.406906337
742,0.585689962
743,1.274215937
744,0.923829079
745,0.765758395
746,0.818208814
747,0.490006387
748,0.527633011
749,0.502927005
750,0.424411654
751,0.415727735
752,0.52252084
753,0.37373659
754,0.354326695
755,0.387603939
756,0.387603581
757,0.630041599
758,0.562549472
759,0.670833588
760,0.670833647
761,0.670833647
762,1.232211709
763,1.239413261
764,0.95146358
765,0.950400829
766,0.6960572
767,0.693606317
768,0.253329337
769,0.556199372
770,0.556211352
771,0.883743584
772,0.284852564
773,0.646131158
774,0.646131158
775,1.163188934
776,0.656184435
777,0.658670843
778,0.47691834
779,0.487685978
780,0.489679128
781,0.466681987
782,0.554394186
783,0.579641163
784,0.514819443
785,0.57020545
786,0.570204794
787,0.317942381
788,0.313521832
789,0.696985006
790,0.658231676
791,0.544744074
792,0.527000546
793,0.528747916
794,0.647978246
795,0.620688379
796,0.620560288
797,0.744816124
798,0.635533512
799,0.635440946
800,0.654939115
801,0.549600542
802,0.530256987
803,0.558765292
804,0.581084192
805,0.563170493
806,0.537629843
807,0.560483396
808,0.583005607
809,0.646575749
810,0.645340323
811,0.5795964
812,0.439039737
813,0.40138939
814,0.316087991
815,0.321428776
816,0.386798918
817,0.374874234
818,0.368129253
819,0.375618547
820,0.361221492
821,0.382672876
822,0.415872812
823,0.319127649
824,0.306631505
825,0.324204117
826,0.414550692
827,0.408614308
828,0.408618182
829,0.408612877
830,0.250161052
831,0.250165373
832,0.251628458
833,1.035155177
834,1.039726257
835,1.048567653
836,1.047980905
837,0.354589462
838,0.4080621
839,0.403558433
840,0.396630049
841,0.497432083
842,0.351217419
843,0.31852293
844,0.376486063
845,0.376486063
846,0.376486063
847,0.379714817
848,0.364051819
849,0.368921459
850,0.363971055
851,0.364070892
852,0.388351947
853,0.299434721
854,0.299294174
855,0.315903664
856,0.363474816
857,1.048247457
858,2.963180065
859,2.864337444
860,3.159481049
861,4.236438751
862,2.233475924
863,1.198318481
864,7.158747673
865,2.13534832
866,2.13534832
867,2.94308424
868,2.887901306
869,2.050870895
870,2.209027529
871,2.250543356
872,2.241345644
873,2.244971514
874,5.021674633
875,6.183650017
876,6.183650017
877,6.183650017
878,6.183650017
879,4.638255596
880,0.680611014
881,0.643217683
882,0.619700015
883,0.654622495
884,0.61077255
885,0.989838362
886,1.038761139
887,1.113200784
888,1.113174677
889,1.892853618
890,0.873715341
891,0.818377197
892,0.562816143
893,0.568023801
894,1.071141124
895,1.442307711
896,1.53356266
897,1.584764838
898,1.584764838
899,3.800134659
900,2.963868618
901,2.140789986
902,1.043798447
903,0.616944015
904,0.66396606
905,1.588480711
906,1.442004323
907,1.442049861
908,2.661291599
909,2.661298037
910,2.072928905
911,1.126922607
912,1.166989803
913,1.575658321
914,1.51581037
915,0.938728571
916,0.930531919
917,1.205922127
918,0.361342311
919,1.09873271
920,0.784389973
921,0.786834121
922,0.764113128
923,1.08920455
924,1.074967384
925,1.294255018
926,1.294255137
927,1.294219851
928,1.116415739
929,1.121827722
930,0.911984444
931,0.908013105
932,0.902851701
933,0.925194621
934,1.108620644
935,1.339793205
936,2.928360224
937,1.488218307
938,0.963662744
939,0.825442314
940,0.878993094
941,0.878995061
942,0.867531776
943,0.867264628
944,3.238038778
945,2.921117544
946,2.853517771
947,3.115326881
948,3.115073442
949,0.714785933
950,0.617273211
951,0.911018074
952,0.635626733
953,0.635538042
954,0.988891423
955,1.081252694
956,1.081252217
957,1.081252217
958,0.651741862
959,0.297091991
960,3.209869385
961,7.146147728
962,4.052463055
963,1.82261312
964,0.627710402
965,0.305283904
966,0.28256911
967,0.453921139
968,0.454740196
969,0.457666546
970,0.328297228
971,0.319024295
972,3.53757453
973,0.664951384
974,1.387427568
975,1.387427568
976,0.643443644
977,0.988939345
978,1.667344809
979,2.392643929
980,3.570379972
981,1.531271338
982,4.33127737
983,4.430027962
984,16.37890816
985,16.37890816
986,16.37880707
987,2.059471846
988,1.809343576
989,1.559672952
990,1.249785304
991,0.451583564
992,0.559935927
993,0.495268226
994,1.060289264
995,0.932190597
996,0.860102057
997,2.527755737
998,2.359954834
999,1.463279486
1000,1.042065859
1001,0.417089105
1002,0.220023513
1003,0.386531591
1004,1.074797273
1005,1.03291595
1006,0.547246158
1007,0.549170256
1008,0.416801423
1009,0.428294867
1010,0.71978575
1011,0.727948308
1012,0.722403824
1013,1.304007173
1014,0.812538743
1015,0.812538743
1016,0.493659586
1017,0.49235487
1018,0.453648061
1019,0.453649372
1020,0.453914195
1021,0.566423893
1022,0.566473007
1023,0.868844211
1024,1.161542416
1025,1.694038987
1026,1.683820844
1027,0.682669997
1028,0.681943893
1029,0.865448356
1030,0.865446925
1031,0.638046741
1032,0.637246788
1033,0.456959486
1034,0.346383095
1035,0.378198743
1036,0.283096492
1037,0.54596436
1038,0.254389346
1039,0.231486186
1040,0.38474986
1041,0.345736772
1042,0.580137432
1043,0.580087483
1044,0.539299786
1045,0.596811533
1046,0.531517982
1047,0.738468111
1048,0.738463163
1049,0.537509263
1050,0.745003939
1051,0.507040501
1052,0.500362456
1053,0.500886321
1054,0.521769822
1055,0.578825414
1056,0.568451941
1057,0.568449497
1058,0.563658774
1059,0.948736072
1060,0.948736072
1061,0.948734462
1062,0.478142023
1063,0.419002384
1064,0.436641634
1065,0.613685846
1066,0.501065969
1067,0.500999391
1068,0.603758335
1069,0.672863841
1070,0.672623694
1071,0.672628224
1072,0.672241211
1073,1.025713444
1074,1.027242303
1075,1.071228862
1076,1.071228862
1077,1.071228862
1078,1.233536243
1079,1.251199603
1080,1.251199603
1081,1.414643764
1082,1.505168557
1083,1.147268772
1084,1.134271622
1085,1.144955754
1086,0.52488637
1087,0.553695381
1088,0.544463038
1089,0.530495167
1090,0.912681103
1091,1.306270003
1092,0.861318648
1093,0.74775362
1094,0.676629543
1095,0.819397986
1096,0.740840077
1097,0.659940958
1098,0.830059171
1099,0.964167416
1100,0.967409909
1101,1.036476135
1102,1.148226857
1103,0.840104997
1104,0.707105458
1105,1.085937381
1106,1.08595109
1107,0.559435546
1108,0.495698601
1109,0.493390918
1110,0.537653983
1111,0.522316158
1112,0.519459188
1113,0.557505012
1114,0.557334423
1115,0.689047575
1116,0.527813613
1117,0.502617896
1118,0.363985181
1119,0.360268265
1120,0.512955725
1121,0.508331001
1122,0.700336993
1123,0.839934766
1124,0.778472066
1125,0.691280425
1126,0.611400306
1127,0.593081832
1128,0.593081832
1129,0.661110878
1130,0.746156812
1131,0.746156812
1132,1.0442909
1133,0.900674641
1134,0.909889579
1135,0.879585385
1136,0.837992251
1137,0.982068777
1138,0.961663783
1139,0.982913136
1140,1.028406501
1141,1.146083117
1142,0.580494821
1143,0.580037236
1144,0.567881465
1145,0.532471895
1146,1.68185401
1147,1.722032905
1148,2.320697546
1149,2.320697546
1150,0.774142325
1151,0.742420554
1152,1.619129658
1153,1.110957503
1154,1.119594932
1155,0.487085462
1156,0.390637696
1157,0.389785677
1158,0.386718631
1159,0.631147802
1160,0.593021095
1161,0.535116494
1162,1.087285757
1163,0.362985432
1164,0.19404833
1165,0.194067582
1166,0.192762122
1167,0.208754763
1168,0.222791061
1169,0.274836123
1170,0.286676645
1171,0.300531179
1172,0.373743296
1173,0.663738072
1174,0.683137417
1175,0.749469995
1176,0.724358678
1177,0.706605852
1178,0.688415349
1179,0.622741461
1180,0.80988884
1181,0.80988884
1182,0.809897065
1183,0.240255132
1184,0.240493879
1185,0.240492985
1186,0.241682947
1187,0.251718134
1188,0.256561637
1189,0.364198864
1190,0.3777937
1191,0.506188452
1192,0.511318624
1193,0.511318624
1194,0.421383113
1195,0.420695364
1196,0.420379817
1197,0.420414209
1198,0.330414057
1199,0.316886783
1200,0.348230273
1201,0.354362577
1202,0.35430783
1203,0.364679277
1204,0.309098333
1205,0.328391552
1206,0.379999548
1207,0.371345073
1208,0.39504087
1209,0.39602387
1210,0.401958734
1211,0.282380581
1212,0.273507446
1213,0.27349174
1214,0.273497552
1215,0.27206707
1216,0.272472501
1217,0.279233068
1218,0.27909559
1219,0.302607059
1220,0.29982543
1221,0.668910205
1222,0.549419105
1223,0.400725633
1224,0.246314302
1225,0.693339646
1226,0.75660789
1227,0.364898831
1228,0.358065724
1229,1.546774387
1230,1.813885212
1231,1.812646151
1232,0.696353853
1233,0.697521627
1234,0.696258605
1235,0.765276313
1236,0.981599033
1237,0.975228488
1238,0.976420939
1239,1.003995538
1240,1.003492713
1241,1.004456639
1242,1.390090108
1243,1.397665262
1244,1.137169003
1245,1.137127042
1246,1.137854576
1247,1.153748155
1248,1.126068234
1249,0.964045763
1250,0.983056307
1251,2.225998163
1252,2.360067129
1253,2.255326271
1254,2.261142015
1255,2.213133574
1256,4.786435604
1257,4.416884899
1258,3.829686165
1259,3.501174688
1260,3.295281887
1261,2.208579063
1262,5.812121868
1263,8.380130768
1264,4.161429882
1265,3.617316723
1266,2.942545891
1267,2.916830301
1268,4.303388596
1269,2.781429768
1270,1.596928835
1271,1.648990273
1272,1.653069019
1273,1.750198126
1274,2.064428329
1275,2.06438303
1276,2.064272642
1277,1.288568377
1278,1.183763027
1279,1.200341821
1280,0.960852981
1281,0.96108979
1282,0.701001644
1283,0.647852123
1284,0.727037847
1285,0.64710927
1286,0.643345833
1287,1.20183146
1288,1.204297781
1289,1.824182272
1290,0.841552198
1291,0.832665086
1292,0.758553386
1293,0.86331898
1294,0.840013623
1295,1.654078841
1296,1.829657316
1297,0.84218967
1298,0.801680028
1299,0.801119506
1300,0.726593971
1301,0.719041049
1302,0.718982697
1303,5.054763317
1304,5.054915428
1305,4.774236202
1306,0.582460225
1307,0.546418905
1308,3.475472689
1309,3.79868865
1310,0.809281588
1311,0.852691293
1312,1.116546273
1313,2.140217066
1314,2.032380104
1315,2.024491549
1316,2.024106741
1317,1.926545739
1318,1.014905691
1319,1.035446048
1320,1.034444332
1321,1.164373875
1322,2.121646643
1323,1.23493588
1324,1.395709991
1325,1.82766819
1326,0.920249283
1327,1.421522021
1328,0.359527141
1329,0.354415953
1330,0.312831998
1331,0.252801269
1332,0.451769948
1333,0.447121143
1334,0.70059073
1335,1.221400023
1336,1.358275056
1337,0.728941619
1338,0.28741309
1339,0.809813917
1340,0.70733285
1341,0.486018211
1342,0.871198773
1343,0.42653513
1344,0.530220449
1345,0.576375008
1346,0.945837796
1347,0.94584167
1348,0.545008063
1349,0.545008063
1350,0.545008063
1351,0.66816473
1352,0.659169078
1353,0.67087847
1354,0.659116507
1355,0.722959697
1356,0.731151044
1357,1.467409492
1358,1.330973268
1359,0.936676621
1360,0.662449419
1361,0.715138435
1362,0.633611858
1363,0.666189551
1364,0.851489305
1365,0.585460365
1366,0.587783337
1367,0.438714772
1368,0.480380505
1369,0.876673222
1370,0.389096797
1371,0.848894238
1372,0.848894238
1373,0.548399091
1374,0.652135134
1375,0.896467388
1376,1.556107044
1377,1.556107044
1378,1.556137681
1379,0.923603177
1380,0.923603177
1381,0.579841554
1382,0.579725027
1383,0.56721437
1384,0.449407279
1385,0.435177147
1386,0.747217715
1387,0.761022866
1388,0.880359948
1389,1.095104814
1390,1.019720078
1391,1.331506968
1392,3.105887651
1393,0.990548968
1394,2.016043186
1395,0.618135989
1396,0.645968974
1397,0.686601043
1398,0.615647972
1399,0.602778971
1400,1.006997347
1401,0.981634974
1402,1.265238047
1403,1.320275068
1404,1.320271492
1405,1.095774889
1406,1.093685627
1407,1.000964761
1408,2.083197355
1409,2.105605364
1410,2.427901745
1411,2.403840303
1412,2.403813839
1413,0.818526268
1414,0.856230795
1415,0.856265783
1416,0.856265783
1417,0.895645082
1418,0.552449763
1419,0.803763688
1420,0.725257158
1421,0.79690671
1422,0.796902299
1423,0.519000292
1424,0.382101148
1425,0.382101148
1426,0.395959646
1427,0.337552428
1428,0.595866919
1429,0.576574743
1430,0.580356836
1431,0.581668496
1432,0.995534778
1433,1.628988981
1434,0.987836421
1435,0.987836421
1436,0.987836421
1437,0.629529059
1438,0.640698731
1439,0.640743911
1440,1.040572286
1441,1.040572286
1442,0.94467485
1443,0.926270366
1444,0.989740908
1445,1.012608886
1446,1.030254722
1447,1.030251503
1448,0.836333752
1449,0.656221807
1450,0.852104664
1451,0.852106452
1452,0.92368257
1453,0.947579682
1454,0.600251853
1455,0.593532443
1456,0.589585423
1457,0.595242918
1458,0.887616396
1459,0.869248688
1460,0.869248688
1461,0.542308092
1462,0.550534248
1463,0.554898858
1464,0.53960824
1465,0.539606512
1466,0.519152343
1467,0.609506309
1468,0.757740855
1469,0.588076174
1470,0.418335706
1471,0.407728076
1472,0.304840535
1473,0.234867454
1474,0.201625615
1475,0.212156087
1476,0.441081315
1477,0.483529866
1478,0.436140299
1479,0.695546627
1480,0.695546627
1481,0.697388113
1482,0.655405998
1483,0.785264313
1484,0.754758298
1485,0.738584161
1486,0.738584161
1487,0.737813354
1488,0.605055928
1489,0.613881648
1490,0.61810261
1491,0.566557527
1492,0.643030524
1493,0.557665944
1494,0.556206763
1495,0.526434243
1496,0.526644647
1497,0.372205526
1498,0.299536437
1499,0.319286317
1500,0.302508026
1501,0.298035413
1502,0.300931662
1503,0.283362001
1504,0.524048269
1505,0.566462159
1506,0.60100317
1507,0.60873127
1508,0.616005003
1509,0.710881114
1510,0.711774349
1511,0.505754411
1512,0.505769908
1513,0.643422246
1514,0.643082678
1515,0.399924099
1516,0.405396163
1517,0.500225961
1518,0.500225961
1519,0.497890204
1520,0.376242548
1521,0.37169534
1522,0.371847034
1523,0.368021578
1524,0.349332422
1525,0.362937629
1526,0.419035733
1527,0.419304222
1528,0.419268876
1529,0.239025041
1530,0.239472121
1531,0.238943204
1532,0.233631819
1533,0.2335798
1534,0.117830262
1535,0.118723303
1536,0.119944543
1537,0.123966448
1538,0.119021356
1539,0.208968028
1540,0.207236752
1541,0.209121138
1542,0.210892081
1543,0.307457149
1544,0.334104538
1545,0.346778631
1546,0.337474465
1547,0.411551088
1548,0.411551028
1549,0.411551028
1550,0.878034592
1551,0.890325487
1552,0.890366971
1553,0.707567453
1554,0.842157841
1555,0.842157841
1556,0.830246985
1557,0.670925081
1558,0.67236799
1559,0.67185837
1560,0.603587329
1561,0.643030643
1562,0.643031478
1563,0.636117578
1564,0.455475003
1565,0.389303595
1566,0.391189307
1567,0.391753227
1568,0.510291219
1569,0.598126292
1570,0.48742643
1571,0.490591675
1572,0.475954413
1573,0.470054328
1574,0.195134521
1575,0.174640879
1576,0.170543879
1577,0.29531762
1578,0.296757221
1579,0.278540224
1580,0.224084377
1581,0.242570236
1582,0.233798265
1583,0.339802235
1584,0.339802146
1585,0.301210672
1586,0.186141223
1587,0.200422913
1588,0.248789787
1589,1.161509871
1590,1.161734939
1591,0.432361305
1592,0.383193403
1593,0.418483824
1594,0.435024381
1595,0.564584911
1596,0.185632572
1597,0.18566899
1598,0.266937435
1599,0.84435463
1600,2.075325489
1601,0.412529171
1602,0.364567786
1603,0.921478629
1604,1.497356176
1605,0.51647228
1606,1.096701384
1607,1.089752436
1608,1.601514578
1609,0.416572005
1610,0.40571624
1611,1.123028159
1612,1.049528122
1613,1.076069236
1614,1.058771014
1615,1.058721185
1616,1.149137259
1617,0.441788256
1618,0.408129454
1619,0.322277188
1620,0.469651282
1621,0.543429494
1622,1.099614859
1623,1.126745224
1624,0.679546952
1625,0.670430541
1626,0.559167385
1627,0.575145721
1628,1.524391532
1629,1.900907755
1630,1.883535266
1631,0.513825834
1632,1.594853282
1633,1.049865842
1634,1.416934133
1635,1.40069139
1636,0.941137075
1637,0.834913373
1638,0.933683455
1639,0.936497927
1640,0.529455543
1641,1.016558766
1642,1.016530156
1643,1.65424037
1644,1.655188441
1645,4.01541853
1646,0.717071593
1647,3.36242795
1648,8.563138008
1649,1.260746002
1650,1.559859276
1651,1.556910634
1652,1.091199756
1653,1.646823645
1654,2.429583788
1655,2.486485243
1656,2.481177807
1657,2.828837395
1658,1.317465425
1659,0.987122953
1660,0.987310588
1661,1.060101151
1662,2.705513239
1663,2.65735817
1664,2.670256853
1665,0.482477933
1666,2.08137846
1667,0.78271383
1668,0.61663264
1669,5.614881039
1670,2.801439285
1671,2.801439285
1672,2.013155699
1673,0.649240375
1674,0.643841326
1675,1.172288656
1676,1.172289371
1677,2.412771702
1678,5.137272358
1679,0.800922751
1680,0.670465827
1681,0.966562331
1682,2.084433794
1683,1.706293225
1684,0.462493002
1685,0.488672137
1686,6.048584461
1687,6.144613743
1688,3.764269829
1689,0.529625714
1690,0.509027302
1691,2.985311985
1692,0.568109035
1693,0.437411994
1694,3.928538561
1695,3.926692009
1696,1.859322309
1697,1.291299224
1698,0.973955393
1699,1.336612701
1700,0.55405879
1701,1.416315794
1702,0.748458922
1703,2.118475437
1704,2.112690926
1705,2.60179019
1706,2.935050011
1707,2.124841213
1708,2.139640093
1709,1.152228236
1710,0.917835176
1711,0.910336435
1712,1.117851257
1713,0.692358017
1714,0.968068898
1715,0.461427391
1716,1.245334625
1717,0.823857069
1718,1.046526074
1719,0.536613166
1720,0.346285403
1721,1.666948795
1722,1.480342388
1723,0.844455481
1724,0.999004543
1725,0.634911418
1726,1.154628396
1727,0.772893906
1728,0.793122768
1729,0.414953649
1730,0.408775359
1731,0.685866952
1732,0.663172245
1733,0.663151562
1734,0.646715283
1735,0.838954449
1736,0.277058184
1737,0.827850878
1738,0.664460301
1739,0.328495413
1740,0.470252544
1741,1.009021759
1742,0.80887711
1743,0.63218087
1744,0.557530582
1745,0.508149028
1746,0.62750566
1747,0.682034135
1748,0.575038016
1749,0.468045563
1750,0.765210092
1751,1.039001822
1752,0.865161598
1753,1.035461903
1754,0.80926466
1755,0.770260811
1756,0.795754135
1757,0.841975749
1758,0.84083569
1759,0.686456859
1760,0.698671401
1761,0.698671401
1762,0.93453753
1763,0.956510603
1764,1.046609879
1765,0.989718199
1766,0.559412122
1767,0.698293328
1768,0.63182205
1769,0.587389767
1770,0.859013677
1771,0.865403414
1772,0.919801652
1773,1.869340301
1774,1.042427421
1775,1.053211331
1776,1.738557935
1777,0.888617694
1778,0.814506531
1779,0.814506531
1780,0.704814315
1781,0.700823963
1782,0.731001914
1783,0.896062255
1784,1.248360634
1785,1.402302623
1786,0.452910513
1787,0.452790469
1788,0.37026912
1789,0.549016714
1790,0.520818293
1791,0.722809255
1792,0.497416705
1793,0.663527012
1794,0.431021869
1795,0.386519283
1796,0.544424951
1797,0.368457764
1798,0.379767418
1799,0.383252233
1800,0.630274057
1801,0.669479668
1802,0.671650767
1803,0.865151823
1804,0.695809543
1805,0.544254005
1806,1.036060333
1807,0.72304827
1808,0.733025432
1809,0.644940495
1810,0.592104912
1811,0.764758766
1812,0.757186592
1813,0.812793791
1814,0.666686714
1815,0.782519519
1816,0.637640238
1817,0.547520578
1818,0.680270016
1819,0.680588007
1820,0.689485252
1821,0.716443121
1822,0.96082139
1823,0.591362596
1824,1.073931217
1825,1.073931217
1826,0.449785918
1827,0.458777696
1828,0.37599501
1829,0.621041715
1830,0.51932174
1831,0.419990957
1832,0.289584041
1833,0.365864038
1834,0.341213703
1835,0.435836613
1836,0.436815262
1837,0.436815262
1838,0.49718824
1839,0.497188538
1840,0.421315104
1841,0.467184246
1842,0.72106111
1843,0.728204548
1844,0.797120988
1845,1.342651606
1846,0.740171075
1847,0.476646602
1848,0.312873095
1849,0.655031919
1850,0.349838376
1851,0.44273147
1852,0.350104302
1853,0.326866418
1854,0.391737968
1855,0.761067748
1856,0.819825351
1857,0.717273235
1858,0.717273235
1859,0.40535304
1860,0.410423279
1861,0.222025037
1862,0.245036066
1863,0.319633156
1864,0.32055679
1865,0.47531876
1866,0.488886684
1867,0.769878507
1868,0.755126297
1869,0.634327769
1870,0.711473346
1871,0.381597698
1872,0.57659179
1873,0.36249128
1874,0.633273065
1875,0.633273482
1876,0.717283845
1877,0.582292736
1878,0.622790396
1879,0.506543517
1880,0.505983531
1881,0.357425749
1882,0.403117329
1883,0.509599924
1884,0.509599924
1885,0.469225168
1886,0.470284432
1887,0.54861027
1888,0.50245744
1889,0.402740598
1890,0.568560362
1891,0.568666995
1892,0.675951838
1893,0.65137291
1894,0.525112748
1895,0.663911581
1896,0.471687227
1897,0.510892451
1898,0.421137094
1899,0.320957571
1900,0.412012726
1901,0.491080672
1902,0.270367265
1903,0.270366728
1904,0.310591191
1905,0.189123362
1906,0.189106867
1907,0.255474806
1908,0.296799541
1909,0.293539554
1910,0.334508985
1911,0.336419374
1912,0.250436246
1913,0.250440925
1914,0.252417654
1915,0.251148731
1916,0.595341802
1917,0.59812957
1918,0.498867005
1919,0.498867005
1920,0.480998009
1921,0.377397835
1922,0.323863506
1923,0.358635664
1924,0.41972217
1925,0.354383379
1926,0.354383379
1927,0.495326877
1928,0.496331185
1929,0.583594263
1930,0.583594263
1931,0.556384444
1932,0.38505578
1933,0.41747275
1934,0.414302111
1935,0.320136607
1936,0.32292828
1937,0.28618592
1938,0.332170129
1939,0.312346846
1940,0.350254893
1941,0.342122108
1942,0.326755166
1943,0.920746207
1944,0.919500113
1945,0.919500113
1946,0.646700561
1947,0.775485277
1948,0.510181129
1949,0.492974311
1950,0.362034202
1951,0.475491345
1952,0.529700398
1953,0.423425287
1954,0.918464065
1955,0.770314872
1956,1.27650547
1957,3.642712355
1958,2.019732714
1959,4.745337009
1960,2.721078634
1961,1.122744799
1962,0.7861287
1963,2.921253681
1964,2.116695166
1965,1.123583674
1966,0.620774031
1967,0.653799832
1968,0.663977146
1969,1.123813391
1970,1.276634932
1971,1.444470525
1972,1.259703517
1973,1.319889188
1974,1.71038866
1975,1.653878808
1976,2.047636747
1977,1.453931451
1978,1.454328179
1979,1.475345492
1980,0.910302043
1981,2.18891263
1982,2.171925068
1983,2.234395266
1984,5.687860489
1985,5.687861443
1986,2.334151983
1987,2.339895725
1988,0.824049175
1989,0.796130121
1990,1.090403438
1991,1.090415835
1992,1.161192656
1993,1.212229252
1994,1.498227596
1995,1.498227596
1996,1.498227596
1997,1.478238583
1998,1.264338136
1999,1.264449716
2000,1.264449716
2001,0.699577034
2002,0.795178533
2003,0.747165322
2004,0.810080409
2005,0.689007401
2006,1.835021734
2007,0.822480083
2008,0.822479725
2009,1.421759486
2010,0.992183924
2011,1.070509076
2012,1.068432927
2013,0.423453212
2014,0.446623176
2015,0.439332217
2016,1.760812998
2017,1.131254315
2018,0.794479966
2019,0.873892367
2020,0.873635948
2021,0.570781529
2022,1.699542403
2023,1.915407181
2024,0.835409343
2025,0.293268204
2026,0.178500399
2027,0.571184278
2028,1.393715739
2029,0.664450407
2030,0.626604438
2031,0.507945955
2032,0.462886393
2033,0.466270804
2034,0.640763044
2035,1.096873164
2036,1.060602307
2037,0.794830799
2038,0.661849499
2039,0.425452292
2040,0.444279671
2041,0.500990927
2042,0.506204069
2043,0.508189738
2044,0.448318094
2045,0.835044026
2046,4.874032021
2047,2.431167603
2048,2.142717838
2049,2.551443577
2050,2.823686123
2051,2.381413937
2052,2.740268469
2053,2.531845093
2054,2.859157324
2055,4.246020794
2056,2.891163349
2057,6.013404846
2058,2.417589188
2059,3.989819527
2060,3.66353488
2061,3.66353488
2062,3.66353488
2063,3.648072004
2064,1.088902473
2065,0.726611853
2066,0.726445615
2067,0.72081691
2068,0.69823277
2069,0.471831888
2070,2.185233116
2071,4.151493073
2072,6.283156872
2073,2.279057503
2074,1.278197527
2075,0.381889731
2076,0.480270237
2077,1.857322574
2078,1.60573566
2079,1.114151835
2080,1.043396592
2081,0.952405512
2082,1.405992866
2083,1.02408874
2084,1.762750506
2085,7.516261101
2086,1.628605127
2087,1.628604293
2088,0.761969268
2089,0.745730817
2090,1.271427035
2091,2.223554611
2092,2.223554611
2093,1.087993383
2094,1.88217485
2095,1.464759827
2096,2.5798738
2097,1.274318099
2098,2.918507338
2099,1.682725906
2100,3.65843153
2101,16.0441227
2102,1.058501959
2103,2.595662355
2104,0.909211934
2105,0.77129972
2106,1.049716115
2107,1.240534782
2108,0.866361678
2109,0.605777442
2110,1.811985016
2111,0.940250218
2112,0.718779743
2113,0.971658528
2114,0.428485751
2115,0.910389602
2116,1.290806413
2117,0.57413131
2118,0.81159234
2119,1.879339814
2120,1.246487498
2121,0.636637747
2122,0.800108731
2123,1.466754913
2124,1.472269773
2125,0.936058998
2126,1.319500685
2127,0.648666263
2128,0.354300708
2129,0.635592341
2130,0.736239076
2131,0.590594471
2132,0.504675567
2133,0.492153972
2134,0.679018974
2135,1.195914626
2136,0.561366856
2137,0.535265267
2138,0.52911818
2139,1.107249498
2140,1.000646472
2141,0.61294198
2142,0.603422642
2143,0.598322988
2144,0.456897557
2145,0.656101763
2146,0.468304932
2147,0.578260839
2148,0.367098063
2149,0.632074475
2150,0.732504487
2151,0.715513766
2152,0.30773443
2153,0.281195223
2154,0.499776155
2155,0.614842653
2156,0.414785057
2157,0.782701373
2158,0.793142617
2159,0.600898921
2160,0.399711758
2161,0.431221992
2162,0.449408025
2163,0.569712877
2164,1.064410925
2165,1.080159903
2166,0.80734098
2167,0.773320675
2168,0.789217949
2169,0.791633606
2170,0.621136248
2171,0.608743846
2172,0.634934962
2173,0.559975863
2174,0.588524938
2175,0.595632255
2176,0.594313681
2177,0.689066887
2178,0.643729985
2179,0.565780818
2180,0.526386082
2181,0.409282297
2182,0.412042916
2183,0.397883505
2184,0.415613472
2185,0.467011273
2186,0.686813056
2187,0.524714768
2188,0.661345363
2189,0.496446848
2190,0.733297884
2191,0.917406976
